248719562, , 16.420575, 48.337116, , , 181.958350, 80.446232, , 
1, 2, 11.471713, 47.273003, 11.105267, 47.294059, -189.168098, -37.864700, -216.648723, -35.523688
13, 3, 10.872783, 47.244415, 11.897572, 47.234257, -234.083213, -41.043210, -157.231966, -42.172611
4, , 16.378561, 48.357861, , , 178.807581, 82.752757, , 
6, 5, 16.420413, 48.123796, 16.428141, 48.139724, 181.946212, 56.728762, 182.525760, 58.499720
6, 7, 16.420413, 48.123796, 16.341149, 48.136159, 181.946212, 56.728762, 176.001975, 58.103316
6, 6, 16.420413, 48.123796, 16.420413, 48.123796, 181.946212, 56.728762, 181.946212, 56.728762
8, 8, 16.694821, 48.031894, 16.694821, 48.031894, 202.524691, 46.510887, 202.524691, 46.510887
2, , 11.105267, 47.294059, , , -216.648723, -35.523688, , 
9, 278220864, 16.514880, 48.341075, 16.646915, 48.119531, 189.030515, 80.886478, 198.932124, 56.254586
278220880, 278220864, 16.682211, 48.075740, 16.646915, 48.119531, 201.579022, 51.385726, 198.932124, 56.254586
10, 10, 15.692377, 48.226748, 15.692377, 48.226748, 127.349108, 68.175219, 127.349108, 68.175219
11, 12, 15.046286, 48.147571, 15.064714, 48.188577, 78.897249, 59.372108, 80.279219, 63.931347
281466866, 13, 10.658314, 47.559233, 10.872783, 47.244415, -250.166717, -6.040896, -234.083213, -41.043210
281466866, 13, 10.658314, 47.559233, 10.872783, 47.244415, -250.166717, -6.040896, -234.083213, -41.043210
14, 363416935, 9.671056, 47.199400, 9.684560, 47.203654, -324.203485, -46.048093, -323.190799, -45.575130
15, 363686897, 9.812639, 47.143116, 9.784150, 47.166683, -313.585850, -52.305987, -315.722303, -49.685713
2, 16, 11.105267, 47.294059, 10.966063, 47.269567, -216.648723, -35.523688, -227.087907, -38.246729
, 951632760, , , 13.700604, 48.174024, , , -22.018473, 62.313224
17, 18, 13.082567, 48.256954, 14.469823, 48.116754, -68.366502, 71.533684, 35.666980, 55.945810
19, 372921689, 14.473152, 48.124545, 14.469075, 48.108309, 35.916651, 56.812059, 35.610893, 55.006893
20, 21, 12.739205, 47.277703, 13.066326, 47.887553, -94.115967, -37.342216, -69.584421, 30.462574
22, 22, 11.391927, 47.237120, 11.391927, 47.237120, -195.151459, -41.854368, -195.151459, -41.854368
9416426999, 980615124, 15.005224, 48.150148, 14.711651, 48.130419, 75.817920, 59.658624, 53.802257, 57.465166
15, , 9.812639, 47.143116, , , -313.585850, -52.305987, , 
23, 637747763, 16.063459, 47.705699, 16.374177, 47.983574, 155.177366, 10.243620, 178.478858, 41.138544
4, 4, 16.378561, 48.357861, 16.378561, 48.357861, 178.807581, 82.752757, 178.807581, 82.752757
24, 982658946, 15.705501, 48.393008, 15.709414, 48.332251, 128.333337, 86.660534, 128.626723, 79.905373
25, 772476710, 14.027725, 46.568311, 14.024990, 46.560810, 2.513031, -116.214374, 2.307926, -117.048348
, 778293655, , , 11.870490, 47.156491, , , -159.262880, -50.818832
372921689, 26, 14.469075, 48.108309, 14.052082, 48.083150, 35.610893, 55.006893, 4.339635, 52.209636
4, 27, 16.378561, 48.357861, 16.806456, 48.711229, 178.807581, 82.752757, 210.896433, 122.041228
8, 28, 16.694821, 48.031894, 16.995119, 47.936971, 202.524691, 46.510887, 225.044678, 35.957007
962062799, 962063040, 13.229270, 47.334886, 13.212633, 47.330377, -57.364898, -30.984393, -58.612529, -31.485794
29, 30, 14.681935, 46.668794, 15.423199, 46.902090, 51.573772, -105.042430, 107.162861, -79.103897
1029569408, 31, 14.783600, 47.144531, 15.019454, 47.396278, 59.197839, -52.148578, 76.885097, -24.158738
32, 32, 16.276894, 47.251715, 16.276894, 47.251715, 171.183404, -40.231583, 171.183404, -40.231583
33, 33, 9.592386, 47.311986, 9.592386, 47.311986, -330.103066, -33.530462, -330.103066, -33.530462
34, 34, 9.715141, 47.431901, 9.715141, 47.431901, -320.897402, -20.197990, -320.897402, -20.197990
35, 1152805595, 15.726399, 47.090970, 15.990006, 47.257024, 129.900531, -58.103727, 149.668993, -39.641328
, 36, , , 15.884820, 48.329118, , , 141.780823, 79.557067
37, 37, 13.328864, 46.871350, 13.328864, 46.871350, -49.896139, -82.521615, -49.896139, -82.521615
37, 37, 13.328864, 46.871350, 13.328864, 46.871350, -49.896139, -82.521615, -49.896139, -82.521615
37, 37, 13.328864, 46.871350, 13.328864, 46.871350, -49.896139, -82.521615, -49.896139, -82.521615
37, 37, 13.328864, 46.871350, 13.328864, 46.871350, -49.896139, -82.521615, -49.896139, -82.521615
, 38, , , 15.884408, 48.345844, , , 141.749936, 81.416730
, 36, , , 15.884820, 48.329118, , , 141.780823, 79.557067
986535827, 39, 14.172158, 46.548464, 14.173037, 46.535791, 13.344449, -118.420989, 13.410363, -119.830049
11, 4, 15.046286, 48.147571, 16.378561, 48.357861, 78.897249, 59.372108, 178.807581, 82.752757
1015961149, 40, 14.702701, 46.630825, 14.702600, 46.630530, 53.131039, -109.263832, 53.123515, -109.296712
1029569408, , 14.783600, 47.144531, , , 59.197839, -52.148578, , 
3, 41, 11.897572, 47.234257, 11.838888, 47.392873, -157.231966, -42.172611, -161.632769, -24.537268
42, 41, 12.074142, 47.522099, 11.838888, 47.392873, -143.990576, -10.169541, -161.632769, -24.537268
41, 1, 11.838888, 47.392873, 11.471713, 47.273003, -161.632769, -24.537268, -189.168098, -37.864700
31, 31, 15.019454, 47.396278, 15.019454, 47.396278, 76.885097, -24.158738, 76.885097, -24.158738
43, 3, 11.850525, 47.162452, 11.897572, 47.234257, -160.760120, -50.156094, -157.231966, -42.172611
23, 23, 16.063459, 47.705699, 16.063459, 47.705699, 155.177366, 10.243620, 155.177366, 10.243620
44, 45, 15.485788, 46.914965, 15.490875, 46.910589, 111.856539, -77.672376, 112.238019, -78.158901
1036636394, 46, 14.327981, 47.677958, 14.328669, 47.678071, 25.029978, 7.159300, 25.081523, 7.171831
980615124, 47, 14.711651, 48.130419, 14.695812, 48.163442, 53.802257, 57.465166, 52.614453, 61.136728
48, 962062799, 14.207876, 47.574482, 13.229270, 47.334886, 16.022996, -4.345533, -57.364898, -30.984393
49, 49, 13.900166, 48.105108, 13.900166, 48.105108, -7.052887, 54.651022, -7.052887, 54.651022
49, 49, 13.900166, 48.105108, 13.900166, 48.105108, -7.052887, 54.651022, -7.052887, 54.651022
49, 49, 13.900166, 48.105108, 13.900166, 48.105108, -7.052887, 54.651022, -7.052887, 54.651022
30, 30, 15.423199, 46.902090, 15.423199, 46.902090, 107.162861, -79.103897, 107.162861, -79.103897
1096356359, 637747763, 16.410302, 47.548445, 16.374177, 47.983574, 181.187954, -7.240369, 178.478858, 41.138544
18, 50, 14.469823, 48.116754, 15.736977, 48.268875, 35.666980, 55.945810, 130.693752, 72.859026
16, , 10.966063, 47.269567, , , -227.087907, -38.246729, , 
13, 16, 10.872783, 47.244415, 10.966063, 47.269567, -234.083213, -41.043210, -227.087907, -38.246729
51, 17, 13.444269, 48.434737, 13.082567, 48.256954, -41.241621, 91.300036, -68.366502, 71.533684
51, 51, 13.444269, 48.434737, 13.444269, 48.434737, -41.241621, 91.300036, -41.241621, 91.300036
51, 51, 13.444269, 48.434737, 13.444269, 48.434737, -41.241621, 91.300036, -41.241621, 91.300036
330839349, 50, 15.734383, 48.255201, 15.736977, 48.268875, 130.499213, 71.338785, 130.693752, 72.859026
, 52, , , 12.806076, 46.824739, , , -89.101138, -87.703992
1098087365, 339004004, 12.458102, 47.275099, 12.264696, 47.245322, -115.196504, -37.631711, -129.700505, -40.942444
1152861605, 32, 16.166650, 47.270734, 16.276894, 47.251715, 162.915899, -38.116990, 171.183404, -40.231583
32, 32, 16.276894, 47.251715, 16.276894, 47.251715, 171.183404, -40.231583, 171.183404, -40.231583
32, 32, 16.276894, 47.251715, 16.276894, 47.251715, 171.183404, -40.231583, 171.183404, -40.231583
32, 32, 16.276894, 47.251715, 16.276894, 47.251715, 171.183404, -40.231583, 171.183404, -40.231583
32, 1096356359, 16.276894, 47.251715, 16.410302, 47.548445, 171.183404, -40.231583, 181.187954, -7.240369
1152805595, 1152861605, 15.990006, 47.257024, 16.166650, 47.270734, 149.668993, -39.641328, 162.915899, -38.116990
43, 1154380798, 11.850525, 47.162452, 11.817474, 47.131352, -160.760120, -50.156094, -163.238686, -53.613855
1154380811, 1154380770, 11.803202, 47.112259, 11.788732, 47.090341, -164.309005, -55.736679, -165.394099, -58.173583
1154380798, 1154380811, 11.817474, 47.131352, 11.803202, 47.112259, -163.238686, -53.613855, -164.309005, -55.736679
1154380798, 1154380811, 11.817474, 47.131352, 11.803202, 47.112259, -163.238686, -53.613855, -164.309005, -55.736679
1154380770, 53, 11.788732, 47.090341, 11.778700, 47.085515, -165.394099, -58.173583, -166.146455, -58.710129
1154380770, 53, 11.788732, 47.090341, 11.778700, 47.085515, -165.394099, -58.173583, -166.146455, -58.710129
33, 33, 9.592386, 47.311986, 9.592386, 47.311986, -330.103066, -33.530462, -330.103066, -33.530462
33, 33, 9.592386, 47.311986, 9.592386, 47.311986, -330.103066, -33.530462, -330.103066, -33.530462
13, 13, 10.872783, 47.244415, 10.872783, 47.244415, -234.083213, -41.043210, -234.083213, -41.043210
13, 13, 10.872783, 47.244415, 10.872783, 47.244415, -234.083213, -41.043210, -234.083213, -41.043210
13, 13, 10.872783, 47.244415, 10.872783, 47.244415, -234.083213, -41.043210, -234.083213, -41.043210
13, 13, 10.872783, 47.244415, 10.872783, 47.244415, -234.083213, -41.043210, -234.083213, -41.043210
527942908, , 10.684467, 47.136113, , , -248.205437, -53.084603, , 
527942908, 13, 10.684467, 47.136113, 10.872783, 47.244415, -248.205437, -53.084603, -234.083213, -41.043210
527942908, 13, 10.684467, 47.136113, 10.872783, 47.244415, -248.205437, -53.084603, -234.083213, -41.043210
13, , 10.872783, 47.244415, , , -234.083213, -41.043210, , 
527942908, 15, 10.684467, 47.136113, 9.812639, 47.143116, -248.205437, -53.084603, -313.585850, -52.305987
527942908, 15, 10.684467, 47.136113, 9.812639, 47.143116, -248.205437, -53.084603, -313.585850, -52.305987
15, 15, 9.812639, 47.143116, 9.812639, 47.143116, -313.585850, -52.305987, -313.585850, -52.305987
15, 15, 9.812639, 47.143116, 9.812639, 47.143116, -313.585850, -52.305987, -313.585850, -52.305987
54, 55, 10.042948, 46.974087, 9.873800, 47.086721, -296.314428, -71.099067, -308.999238, -58.576064
33, 832431744, 9.592386, 47.311986, 9.684793, 47.396254, -330.103066, -33.530462, -323.173258, -24.161307
1177464906, 55, 9.873520, 47.087634, 9.873800, 47.086721, -309.020228, -58.474566, -308.999238, -58.576064
56, 56, 9.873747, 47.072667, 9.873747, 47.072667, -309.003214, -60.138685, -309.003214, -60.138685
56, 56, 9.873747, 47.072667, 9.873747, 47.072667, -309.003214, -60.138685, -309.003214, -60.138685
15, 56, 9.812639, 47.143116, 9.873747, 47.072667, -313.585850, -52.305987, -309.003214, -60.138685
363686897, 363370503, 9.784150, 47.166683, 9.728132, 47.178984, -315.722303, -49.685713, -319.923228, -48.318087
30, 30, 15.423199, 46.902090, 15.423199, 46.902090, 107.162861, -79.103897, 107.162861, -79.103897
30, 44, 15.423199, 46.902090, 15.485788, 46.914965, 107.162861, -79.103897, 111.856539, -77.672376
44, 975358586, 15.485788, 46.914965, 15.753562, 47.035228, 111.856539, -77.672376, 131.937482, -64.301276
35, 35, 15.726399, 47.090970, 15.726399, 47.090970, 129.900531, -58.103727, 129.900531, -58.103727
975358586, 35, 15.753562, 47.035228, 15.726399, 47.090970, 131.937482, -64.301276, 129.900531, -58.103727
35, 35, 15.726399, 47.090970, 15.726399, 47.090970, 129.900531, -58.103727, 129.900531, -58.103727
35, 35, 15.726399, 47.090970, 15.726399, 47.090970, 129.900531, -58.103727, 129.900531, -58.103727
778293655, 43, 11.870490, 47.156491, 11.850525, 47.162452, -159.262880, -50.818832, -160.760120, -50.156094
21, 57, 13.066326, 47.887553, 13.030217, 47.830895, -69.584421, 30.462574, -72.292350, 24.163254
21, 57, 13.066326, 47.887553, 13.030217, 47.830895, -69.584421, 30.462574, -72.292350, 24.163254
21, 21, 13.066326, 47.887553, 13.066326, 47.887553, -69.584421, 30.462574, -69.584421, 30.462574
21, 21, 13.066326, 47.887553, 13.066326, 47.887553, -69.584421, 30.462574, -69.584421, 30.462574
17, 17, 13.082567, 48.256954, 13.082567, 48.256954, -68.366502, 71.533684, -68.366502, 71.533684
1213978938, 21, 13.104371, 48.226832, 13.066326, 47.887553, -66.731381, 68.184563, -69.584421, 30.462574
17, 1213978938, 13.082567, 48.256954, 13.104371, 48.226832, -68.366502, 71.533684, -66.731381, 68.184563
, 33, , , 9.592386, 47.311986, , , -330.103066, -33.530462
38, 38, 15.884408, 48.345844, 15.884408, 48.345844, 141.749936, 81.416730, 141.749936, 81.416730
36, 36, 15.884820, 48.329118, 15.884820, 48.329118, 141.780823, 79.557067, 141.780823, 79.557067
339004004, 3, 12.264696, 47.245322, 11.897572, 47.234257, -129.700505, -40.942444, -157.231966, -42.172611
248719562, 4, 16.420575, 48.337116, 16.378561, 48.357861, 181.958350, 80.446232, 178.807581, 82.752757
4, 36, 16.378561, 48.357861, 15.884820, 48.329118, 178.807581, 82.752757, 141.780823, 79.557067
980615124, 19, 14.711651, 48.130419, 14.473152, 48.124545, 53.802257, 57.465166, 35.916651, 56.812059
58, 58, 12.741754, 47.259019, 12.741754, 47.259019, -93.924799, -39.419515, -93.924799, -39.419515
20, 58, 12.739205, 47.277703, 12.741754, 47.259019, -94.115967, -37.342216, -93.924799, -39.419515
58, 59, 12.741754, 47.259019, 12.721456, 47.200346, -93.924799, -39.419515, -95.447033, -45.942967
461705491, 60, 12.732550, 47.272509, 12.583780, 47.278295, -94.615054, -37.919674, -105.771653, -37.276369
20, 461705491, 12.739205, 47.277703, 12.732550, 47.272509, -94.115967, -37.342216, -94.615054, -37.919674
461705491, 52, 12.732550, 47.272509, 12.806076, 46.824739, -94.615054, -37.919674, -89.101138, -87.703992
832431744, 34, 9.684793, 47.396254, 9.715141, 47.431901, -323.173258, -24.161307, -320.897402, -20.197990
363416935, 61, 9.684560, 47.203654, 9.643681, 47.222382, -323.190799, -45.575130, -326.256370, -43.492938
33, 33, 9.592386, 47.311986, 9.592386, 47.311986, -330.103066, -33.530462, -330.103066, -33.530462
33, 33, 9.592386, 47.311986, 9.592386, 47.311986, -330.103066, -33.530462, -330.103066, -33.530462
34, 34, 9.715141, 47.431901, 9.715141, 47.431901, -320.897402, -20.197990, -320.897402, -20.197990
49, 951632760, 13.900166, 48.105108, 13.700604, 48.174024, -7.052887, 54.651022, -22.018473, 62.313224
49, 49, 13.900166, 48.105108, 13.900166, 48.105108, -7.052887, 54.651022, -7.052887, 54.651022
951632760, 17, 13.700604, 48.174024, 13.082567, 48.256954, -22.018473, 62.313224, -68.366502, 71.533684
26, 49, 14.052082, 48.083150, 13.900166, 48.105108, 4.339635, 52.209636, -7.052887, 54.651022
372921689, 46, 14.469075, 48.108309, 14.328669, 47.678071, 35.610893, 55.006893, 25.081523, 7.171831
18, 19, 14.469823, 48.116754, 14.473152, 48.124545, 35.666980, 55.945810, 35.916651, 56.812059
18, 19, 14.469823, 48.116754, 14.473152, 48.124545, 35.666980, 55.945810, 35.916651, 56.812059
26, 26, 14.052082, 48.083150, 14.052082, 48.083150, 4.339635, 52.209636, 4.339635, 52.209636
26, 26, 14.052082, 48.083150, 14.052082, 48.083150, 4.339635, 52.209636, 4.339635, 52.209636
46, 48, 14.328669, 47.678071, 14.207876, 47.574482, 25.081523, 7.171831, 16.022996, -4.345533
50, 36, 15.736977, 48.268875, 15.884820, 48.329118, 130.693752, 72.859026, 141.780823, 79.557067
50, 50, 15.736977, 48.268875, 15.736977, 48.268875, 130.693752, 72.859026, 130.693752, 72.859026
50, 50, 15.736977, 48.268875, 15.736977, 48.268875, 130.693752, 72.859026, 130.693752, 72.859026
62, 38, 15.855981, 48.372649, 15.884408, 48.345844, 139.618148, 84.396918, 141.749936, 81.416730
38, 36, 15.884408, 48.345844, 15.884820, 48.329118, 141.749936, 81.416730, 141.780823, 79.557067
38, 36, 15.884408, 48.345844, 15.884820, 48.329118, 141.749936, 81.416730, 141.780823, 79.557067
982658946, 50, 15.709414, 48.332251, 15.736977, 48.268875, 128.626723, 79.905373, 130.693752, 72.859026
417522774, 6, 16.853524, 47.976452, 16.420413, 48.123796, 214.426136, 40.346633, 181.946212, 56.728762
, 40, , , 14.702600, 46.630530, , , 53.123515, -109.296712
40, 29, 14.702600, 46.630530, 14.681935, 46.668794, 53.123515, -109.296712, 51.573772, -105.042430
10, 330839349, 15.692377, 48.226748, 15.734383, 48.255201, 127.349108, 68.175219, 130.499213, 71.338785
50, 50, 15.736977, 48.268875, 15.736977, 48.268875, 130.693752, 72.859026, 130.693752, 72.859026
50, 50, 15.736977, 48.268875, 15.736977, 48.268875, 130.693752, 72.859026, 130.693752, 72.859026
10, 10, 15.692377, 48.226748, 15.692377, 48.226748, 127.349108, 68.175219, 127.349108, 68.175219
4, 4, 16.378561, 48.357861, 16.378561, 48.357861, 178.807581, 82.752757, 178.807581, 82.752757
6, 6, 16.420413, 48.123796, 16.420413, 48.123796, 181.946212, 56.728762, 181.946212, 56.728762
5, 5, 16.428141, 48.139724, 16.428141, 48.139724, 182.525760, 58.499720, 182.525760, 58.499720
4, 4, 16.378561, 48.357861, 16.378561, 48.357861, 178.807581, 82.752757, 178.807581, 82.752757
4, 4, 16.378561, 48.357861, 16.378561, 48.357861, 178.807581, 82.752757, 178.807581, 82.752757
63, 63, 9.714015, 47.191183, 9.714015, 47.191183, -320.981830, -46.961674, -320.981830, -46.961674
63, 363416935, 9.714015, 47.191183, 9.684560, 47.203654, -320.981830, -46.961674, -323.190799, -45.575130
363370503, 63, 9.728132, 47.178984, 9.714015, 47.191183, -319.923228, -48.318087, -320.981830, -46.961674
33, 33, 9.592386, 47.311986, 9.592386, 47.311986, -330.103066, -33.530462, -330.103066, -33.530462
4, 4, 16.378561, 48.357861, 16.378561, 48.357861, 178.807581, 82.752757, 178.807581, 82.752757
22, 22, 11.391927, 47.237120, 11.391927, 47.237120, -195.151459, -41.854368, -195.151459, -41.854368
2, 2, 11.105267, 47.294059, 11.105267, 47.294059, -216.648723, -35.523688, -216.648723, -35.523688
13, 13, 10.872783, 47.244415, 10.872783, 47.244415, -234.083213, -41.043210, -234.083213, -41.043210
13, 13, 10.872783, 47.244415, 10.872783, 47.244415, -234.083213, -41.043210, -234.083213, -41.043210
34, 34, 9.715141, 47.431901, 9.715141, 47.431901, -320.897402, -20.197990, -320.897402, -20.197990
7, 7, 16.341149, 48.136159, 16.341149, 48.136159, 176.001975, 58.103316, 176.001975, 58.103316
7, 7, 16.341149, 48.136159, 16.341149, 48.136159, 176.001975, 58.103316, 176.001975, 58.103316
36, 36, 15.884820, 48.329118, 15.884820, 48.329118, 141.780823, 79.557067, 141.780823, 79.557067
36, 36, 15.884820, 48.329118, 15.884820, 48.329118, 141.780823, 79.557067, 141.780823, 79.557067
36, 36, 15.884820, 48.329118, 15.884820, 48.329118, 141.780823, 79.557067, 141.780823, 79.557067
36, 36, 15.884820, 48.329118, 15.884820, 48.329118, 141.780823, 79.557067, 141.780823, 79.557067
36, 36, 15.884820, 48.329118, 15.884820, 48.329118, 141.780823, 79.557067, 141.780823, 79.557067
36, 4, 15.884820, 48.329118, 16.378561, 48.357861, 141.780823, 79.557067, 178.807581, 82.752757
637747763, 6, 16.374177, 47.983574, 16.420413, 48.123796, 178.478858, 41.138544, 181.946212, 56.728762
637747763, 6, 16.374177, 47.983574, 16.420413, 48.123796, 178.478858, 41.138544, 181.946212, 56.728762
, 17, , , 13.082567, 48.256954, , , -68.366502, 71.533684
, 17, , , 13.082567, 48.256954, , , -68.366502, 71.533684
50, 50, 15.736977, 48.268875, 15.736977, 48.268875, 130.693752, 72.859026, 130.693752, 72.859026
50, 50, 15.736977, 48.268875, 15.736977, 48.268875, 130.693752, 72.859026, 130.693752, 72.859026
28, 417522774, 16.995119, 47.936971, 16.853524, 47.976452, 225.044678, 35.957007, 214.426136, 40.346633
11, 11, 15.046286, 48.147571, 15.046286, 48.147571, 78.897249, 59.372108, 78.897249, 59.372108
11, 11, 15.046286, 48.147571, 15.046286, 48.147571, 78.897249, 59.372108, 78.897249, 59.372108
11, 11, 15.046286, 48.147571, 15.046286, 48.147571, 78.897249, 59.372108, 78.897249, 59.372108
11, 11, 15.046286, 48.147571, 15.046286, 48.147571, 78.897249, 59.372108, 78.897249, 59.372108
11, 11, 15.046286, 48.147571, 15.046286, 48.147571, 78.897249, 59.372108, 78.897249, 59.372108
11, 11, 15.046286, 48.147571, 15.046286, 48.147571, 78.897249, 59.372108, 78.897249, 59.372108
11, 11, 15.046286, 48.147571, 15.046286, 48.147571, 78.897249, 59.372108, 78.897249, 59.372108
278220864, 278220880, 16.646915, 48.119531, 16.682211, 48.075740, 198.932124, 56.254586, 201.579022, 51.385726
278220880, 8, 16.682211, 48.075740, 16.694821, 48.031894, 201.579022, 51.385726, 202.524691, 46.510887
772476710, 986535827, 14.024990, 46.560810, 14.172158, 46.548464, 2.307926, -117.048348, 13.344449, -118.420989
986535827, 29, 14.172158, 46.548464, 14.681935, 46.668794, 13.344449, -118.420989, 51.573772, -105.042430
, 34, , , 9.715141, 47.431901, , , -320.897402, -20.197990
1018017347, 1029569408, 14.808445, 46.777242, 14.783600, 47.144531, 61.061022, -92.984885, 59.197839, -52.148578
1018017347, 29, 14.808445, 46.777242, 14.681935, 46.668794, 61.061022, -92.984885, 51.573772, -105.042430
51, 51, 13.444269, 48.434737, 13.444269, 48.434737, -41.241621, 91.300036, -41.241621, 91.300036
, 51, , , 13.444269, 48.434737, , , -41.241621, 91.300036
962063040, 20, 13.212633, 47.330377, 12.739205, 47.277703, -58.612529, -31.485794, -94.115967, -37.342216
962062799, 962063040, 13.229270, 47.334886, 13.212633, 47.330377, -57.364898, -30.984393, -58.612529, -31.485794
7, 64, 16.341149, 48.136159, 16.330886, 48.164888, 176.001975, 58.103316, 175.232360, 61.297486
64, 65, 16.330886, 48.164888, 16.311876, 48.204790, 175.232360, 61.297486, 173.806731, 65.733945
65, , 16.311876, 48.204790, , , 173.806731, 65.733945, , 
8, 8, 16.694821, 48.031894, 16.694821, 48.031894, 202.524691, 46.510887, 202.524691, 46.510887
36, 36, 15.884820, 48.329118, 15.884820, 48.329118, 141.780823, 79.557067, 141.780823, 79.557067
36, 36, 15.884820, 48.329118, 15.884820, 48.329118, 141.780823, 79.557067, 141.780823, 79.557067
36, 36, 15.884820, 48.329118, 15.884820, 48.329118, 141.780823, 79.557067, 141.780823, 79.557067
25, 25, 14.027725, 46.568311, 14.027725, 46.568311, 2.513031, -116.214374, 2.513031, -116.214374
25, 25, 14.027725, 46.568311, 14.027725, 46.568311, 2.513031, -116.214374, 2.513031, -116.214374
52, 66, 12.806076, 46.824739, 13.680318, 46.543853, -89.101138, -87.703992, -23.539766, -118.933704
52, 37, 12.806076, 46.824739, 13.328864, 46.871350, -89.101138, -87.703992, -49.896139, -82.521615
61, 919837721, 9.643681, 47.222382, 9.612982, 47.278877, -326.256370, -43.492938, -328.558521, -37.211696
61, 61, 9.643681, 47.222382, 9.643681, 47.222382, -326.256370, -43.492938, -326.256370, -43.492938
919837721, 33, 9.612982, 47.278877, 9.592386, 47.311986, -328.558521, -37.211696, -330.103066, -33.530462
4, 4, 16.378561, 48.357861, 16.378561, 48.357861, 178.807581, 82.752757, 178.807581, 82.752757
47, 47, 14.695812, 48.163442, 14.695812, 48.163442, 52.614453, 61.136728, 52.614453, 61.136728
47, 47, 14.695812, 48.163442, 14.695812, 48.163442, 52.614453, 61.136728, 52.614453, 61.136728
67, 772476710, 13.827889, 46.552449, 14.024990, 46.560810, -12.473114, -117.977986, 2.307926, -117.048348
66, 66, 13.680318, 46.543853, 13.680318, 46.543853, -23.539766, -118.933704, -23.539766, -118.933704
66, 66, 13.680318, 46.543853, 13.680318, 46.543853, -23.539766, -118.933704, -23.539766, -118.933704
51, 51, 13.444269, 48.434737, 13.444269, 48.434737, -41.241621, 91.300036, -41.241621, 91.300036
51, 51, 13.444269, 48.434737, 13.444269, 48.434737, -41.241621, 91.300036, -41.241621, 91.300036
43, 43, 11.850525, 47.162452, 11.850525, 47.162452, -160.760120, -50.156094, -160.760120, -50.156094
43, 43, 11.850525, 47.162452, 11.850525, 47.162452, -160.760120, -50.156094, -160.760120, -50.156094
, 30, , , 15.423199, 46.902090, , , 107.162861, -79.103897
24, 24, 15.705501, 48.393008, 15.705501, 48.393008, 128.333337, 86.660534, 128.333337, 86.660534
24, 24, 15.705501, 48.393008, 15.705501, 48.393008, 128.333337, 86.660534, 128.333337, 86.660534
24, 24, 15.705501, 48.393008, 15.705501, 48.393008, 128.333337, 86.660534, 128.333337, 86.660534
28, , 16.995119, 47.936971, , , 225.044678, 35.957007, , 
28, 28, 16.995119, 47.936971, 16.995119, 47.936971, 225.044678, 35.957007, 225.044678, 35.957007
18, 18, 14.469823, 48.116754, 14.469823, 48.116754, 35.666980, 55.945810, 35.666980, 55.945810
17, 17, 13.082567, 48.256954, 13.082567, 48.256954, -68.366502, 71.533684, -68.366502, 71.533684
17, 17, 13.082567, 48.256954, 13.082567, 48.256954, -68.366502, 71.533684, -68.366502, 71.533684
4, 4, 16.378561, 48.357861, 16.378561, 48.357861, 178.807581, 82.752757, 178.807581, 82.752757
4, 248720081, 16.378561, 48.357861, 16.416617, 48.353565, 178.807581, 82.752757, 181.661516, 82.275155
248720081, 5, 16.416617, 48.353565, 16.428141, 48.139724, 181.661516, 82.275155, 182.525760, 58.499720
36, 36, 15.884820, 48.329118, 15.884820, 48.329118, 141.780823, 79.557067, 141.780823, 79.557067
36, 36, 15.884820, 48.329118, 15.884820, 48.329118, 141.780823, 79.557067, 141.780823, 79.557067
4, 4, 16.378561, 48.357861, 16.378561, 48.357861, 178.807581, 82.752757, 178.807581, 82.752757
55, 15, 9.873800, 47.086721, 9.812639, 47.143116, -308.999238, -58.576064, -313.585850, -52.305987
36, 36, 15.884820, 48.329118, 15.884820, 48.329118, 141.780823, 79.557067, 141.780823, 79.557067
36, 36, 15.884820, 48.329118, 15.884820, 48.329118, 141.780823, 79.557067, 141.780823, 79.557067
36, 36, 15.884820, 48.329118, 15.884820, 48.329118, 141.780823, 79.557067, 141.780823, 79.557067
36, 36, 15.884820, 48.329118, 15.884820, 48.329118, 141.780823, 79.557067, 141.780823, 79.557067
36, 36, 15.884820, 48.329118, 15.884820, 48.329118, 141.780823, 79.557067, 141.780823, 79.557067
36, 36, 15.884820, 48.329118, 15.884820, 48.329118, 141.780823, 79.557067, 141.780823, 79.557067
36, 36, 15.884820, 48.329118, 15.884820, 48.329118, 141.780823, 79.557067, 141.780823, 79.557067
36, 36, 15.884820, 48.329118, 15.884820, 48.329118, 141.780823, 79.557067, 141.780823, 79.557067
36, 36, 15.884820, 48.329118, 15.884820, 48.329118, 141.780823, 79.557067, 141.780823, 79.557067
36, 36, 15.884820, 48.329118, 15.884820, 48.329118, 141.780823, 79.557067, 141.780823, 79.557067
34, 15, 9.715141, 47.431901, 9.812639, 47.143116, -320.897402, -20.197990, -313.585850, -52.305987
1476463008, 59, 12.721197, 47.200483, 12.721456, 47.200346, -95.466411, -45.927768, -95.447033, -45.942967
60, 60, 12.583780, 47.278295, 12.583780, 47.278295, -105.771653, -37.276369, -105.771653, -37.276369
60, 60, 12.583780, 47.278295, 12.583780, 47.278295, -105.771653, -37.276369, -105.771653, -37.276369
60, 1098087365, 12.583780, 47.278295, 12.458102, 47.275099, -105.771653, -37.276369, -115.196504, -37.631711
8, 8, 16.694821, 48.031894, 16.694821, 48.031894, 202.524691, 46.510887, 202.524691, 46.510887
8, 8, 16.694821, 48.031894, 16.694821, 48.031894, 202.524691, 46.510887, 202.524691, 46.510887
8, 8, 16.694821, 48.031894, 16.694821, 48.031894, 202.524691, 46.510887, 202.524691, 46.510887
8, 6, 16.694821, 48.031894, 16.420413, 48.123796, 202.524691, 46.510887, 181.946212, 56.728762
34, 34, 9.715141, 47.431901, 9.715141, 47.431901, -320.897402, -20.197990, -320.897402, -20.197990
, 5, , , 16.428141, 48.139724, , , 182.525760, 58.499720
37, 37, 13.328864, 46.871350, 13.328864, 46.871350, -49.896139, -82.521615, -49.896139, -82.521615
37, 37, 13.328864, 46.871350, 13.328864, 46.871350, -49.896139, -82.521615, -49.896139, -82.521615
68, 68, 13.343271, 46.895428, 13.343271, 46.895428, -48.815715, -79.844527, -48.815715, -79.844527
68, 68, 13.343271, 46.895428, 13.343271, 46.895428, -48.815715, -79.844527, -48.815715, -79.844527
69, 69, 13.338069, 46.878826, 13.338069, 46.878826, -49.205843, -81.690394, -49.205843, -81.690394
37, 69, 13.328864, 46.871350, 13.338069, 46.878826, -49.896139, -82.521615, -49.205843, -81.690394
69, 5653873984, 13.338069, 46.878826, 13.338540, 46.888853, -49.205843, -81.690394, -49.170514, -80.575598
37, 37, 13.328864, 46.871350, 13.328864, 46.871350, -49.896139, -82.521615, -49.896139, -82.521615
5653873984, 68, 13.338540, 46.888853, 13.343271, 46.895428, -49.170514, -80.575598, -48.815715, -79.844527
37, 37, 13.328864, 46.871350, 13.328864, 46.871350, -49.896139, -82.521615, -49.896139, -82.521615
52, 52, 12.806076, 46.824739, 12.806076, 46.824739, -89.101138, -87.703992, -89.101138, -87.703992
52, 52, 12.806076, 46.824739, 12.806076, 46.824739, -89.101138, -87.703992, -89.101138, -87.703992
52, 52, 12.806076, 46.824739, 12.806076, 46.824739, -89.101138, -87.703992, -89.101138, -87.703992
52, 52, 12.806076, 46.824739, 12.806076, 46.824739, -89.101138, -87.703992, -89.101138, -87.703992
52, 52, 12.806076, 46.824739, 12.806076, 46.824739, -89.101138, -87.703992, -89.101138, -87.703992
52, 52, 12.806076, 46.824739, 12.806076, 46.824739, -89.101138, -87.703992, -89.101138, -87.703992
52, 52, 12.806076, 46.824739, 12.806076, 46.824739, -89.101138, -87.703992, -89.101138, -87.703992
25, 25, 14.027725, 46.568311, 14.027725, 46.568311, 2.513031, -116.214374, 2.513031, -116.214374
25, 25, 14.027725, 46.568311, 14.027725, 46.568311, 2.513031, -116.214374, 2.513031, -116.214374
39, 39, 14.173037, 46.535791, 14.173037, 46.535791, 13.410363, -119.830049, 13.410363, -119.830049
39, 39, 14.173037, 46.535791, 14.173037, 46.535791, 13.410363, -119.830049, 13.410363, -119.830049
39, 39, 14.173037, 46.535791, 14.173037, 46.535791, 13.410363, -119.830049, 13.410363, -119.830049
39, 39, 14.173037, 46.535791, 14.173037, 46.535791, 13.410363, -119.830049, 13.410363, -119.830049
29, 29, 14.681935, 46.668794, 14.681935, 46.668794, 51.573772, -105.042430, 51.573772, -105.042430
29, 29, 14.681935, 46.668794, 14.681935, 46.668794, 51.573772, -105.042430, 51.573772, -105.042430
29, 29, 14.681935, 46.668794, 14.681935, 46.668794, 51.573772, -105.042430, 51.573772, -105.042430
29, 29, 14.681935, 46.668794, 14.681935, 46.668794, 51.573772, -105.042430, 51.573772, -105.042430
29, 29, 14.681935, 46.668794, 14.681935, 46.668794, 51.573772, -105.042430, 51.573772, -105.042430
29, 29, 14.681935, 46.668794, 14.681935, 46.668794, 51.573772, -105.042430, 51.573772, -105.042430
29, 29, 14.681935, 46.668794, 14.681935, 46.668794, 51.573772, -105.042430, 51.573772, -105.042430
29, 29, 14.681935, 46.668794, 14.681935, 46.668794, 51.573772, -105.042430, 51.573772, -105.042430
29, 29, 14.681935, 46.668794, 14.681935, 46.668794, 51.573772, -105.042430, 51.573772, -105.042430
29, 29, 14.681935, 46.668794, 14.681935, 46.668794, 51.573772, -105.042430, 51.573772, -105.042430
29, 29, 14.681935, 46.668794, 14.681935, 46.668794, 51.573772, -105.042430, 51.573772, -105.042430
29, 29, 14.681935, 46.668794, 14.681935, 46.668794, 51.573772, -105.042430, 51.573772, -105.042430
6, 6, 16.420413, 48.123796, 16.420413, 48.123796, 181.946212, 56.728762, 181.946212, 56.728762
42, 42, 12.074142, 47.522099, 12.074142, 47.522099, -143.990576, -10.169541, -143.990576, -10.169541
42, 42, 12.074142, 47.522099, 12.074142, 47.522099, -143.990576, -10.169541, -143.990576, -10.169541
70, 417522774, 16.838649, 47.960891, 16.853524, 47.976452, 213.310690, 38.616572, 214.426136, 40.346633
70, 70, 16.838649, 47.960891, 16.838649, 47.960891, 213.310690, 38.616572, 213.310690, 38.616572
9, 9, 16.514880, 48.341075, 16.514880, 48.341075, 189.030515, 80.886478, 189.030515, 80.886478
9, 9, 16.514880, 48.341075, 16.514880, 48.341075, 189.030515, 80.886478, 189.030515, 80.886478
9, 71, 16.514880, 48.341075, 16.801697, 48.605907, 189.030515, 80.886478, 210.539575, 110.331242
17, 17, 13.082567, 48.256954, 13.082567, 48.256954, -68.366502, 71.533684, -68.366502, 71.533684
17, 17, 13.082567, 48.256954, 13.082567, 48.256954, -68.366502, 71.533684, -68.366502, 71.533684
17, 17, 13.082567, 48.256954, 13.082567, 48.256954, -68.366502, 71.533684, -68.366502, 71.533684
17, 17, 13.082567, 48.256954, 13.082567, 48.256954, -68.366502, 71.533684, -68.366502, 71.533684
17, 17, 13.082567, 48.256954, 13.082567, 48.256954, -68.366502, 71.533684, -68.366502, 71.533684
17, 17, 13.082567, 48.256954, 13.082567, 48.256954, -68.366502, 71.533684, -68.366502, 71.533684
17, 17, 13.082567, 48.256954, 13.082567, 48.256954, -68.366502, 71.533684, -68.366502, 71.533684
17, 17, 13.082567, 48.256954, 13.082567, 48.256954, -68.366502, 71.533684, -68.366502, 71.533684
17, 17, 13.082567, 48.256954, 13.082567, 48.256954, -68.366502, 71.533684, -68.366502, 71.533684
17, 17, 13.082567, 48.256954, 13.082567, 48.256954, -68.366502, 71.533684, -68.366502, 71.533684
20, 20, 12.739205, 47.277703, 12.739205, 47.277703, -94.115967, -37.342216, -94.115967, -37.342216
20, 20, 12.739205, 47.277703, 12.739205, 47.277703, -94.115967, -37.342216, -94.115967, -37.342216
20, 20, 12.739205, 47.277703, 12.739205, 47.277703, -94.115967, -37.342216, -94.115967, -37.342216
20, 20, 12.739205, 47.277703, 12.739205, 47.277703, -94.115967, -37.342216, -94.115967, -37.342216
20, 20, 12.739205, 47.277703, 12.739205, 47.277703, -94.115967, -37.342216, -94.115967, -37.342216
20, 20, 12.739205, 47.277703, 12.739205, 47.277703, -94.115967, -37.342216, -94.115967, -37.342216
20, 20, 12.739205, 47.277703, 12.739205, 47.277703, -94.115967, -37.342216, -94.115967, -37.342216
20, 20, 12.739205, 47.277703, 12.739205, 47.277703, -94.115967, -37.342216, -94.115967, -37.342216
20, 20, 12.739205, 47.277703, 12.739205, 47.277703, -94.115967, -37.342216, -94.115967, -37.342216
20, 20, 12.739205, 47.277703, 12.739205, 47.277703, -94.115967, -37.342216, -94.115967, -37.342216
20, 20, 12.739205, 47.277703, 12.739205, 47.277703, -94.115967, -37.342216, -94.115967, -37.342216
20, 20, 12.739205, 47.277703, 12.739205, 47.277703, -94.115967, -37.342216, -94.115967, -37.342216
20, 20, 12.739205, 47.277703, 12.739205, 47.277703, -94.115967, -37.342216, -94.115967, -37.342216
20, 20, 12.739205, 47.277703, 12.739205, 47.277703, -94.115967, -37.342216, -94.115967, -37.342216
20, 20, 12.739205, 47.277703, 12.739205, 47.277703, -94.115967, -37.342216, -94.115967, -37.342216
20, 20, 12.739205, 47.277703, 12.739205, 47.277703, -94.115967, -37.342216, -94.115967, -37.342216
58, 58, 12.741754, 47.259019, 12.741754, 47.259019, -93.924799, -39.419515, -93.924799, -39.419515
58, 58, 12.741754, 47.259019, 12.741754, 47.259019, -93.924799, -39.419515, -93.924799, -39.419515
58, 58, 12.741754, 47.259019, 12.741754, 47.259019, -93.924799, -39.419515, -93.924799, -39.419515
21, 21, 13.066326, 47.887553, 13.066326, 47.887553, -69.584421, 30.462574, -69.584421, 30.462574
21, 21, 13.066326, 47.887553, 13.066326, 47.887553, -69.584421, 30.462574, -69.584421, 30.462574
21, 21, 13.066326, 47.887553, 13.066326, 47.887553, -69.584421, 30.462574, -69.584421, 30.462574
21, 21, 13.066326, 47.887553, 13.066326, 47.887553, -69.584421, 30.462574, -69.584421, 30.462574
21, 21, 13.066326, 47.887553, 13.066326, 47.887553, -69.584421, 30.462574, -69.584421, 30.462574
21, 21, 13.066326, 47.887553, 13.066326, 47.887553, -69.584421, 30.462574, -69.584421, 30.462574
43, 43, 11.850525, 47.162452, 11.850525, 47.162452, -160.760120, -50.156094, -160.760120, -50.156094
43, 43, 11.850525, 47.162452, 11.850525, 47.162452, -160.760120, -50.156094, -160.760120, -50.156094
3, 3, 11.897572, 47.234257, 11.897572, 47.234257, -157.231966, -42.172611, -157.231966, -42.172611
3, 3, 11.897572, 47.234257, 11.897572, 47.234257, -157.231966, -42.172611, -157.231966, -42.172611
3, 3, 11.897572, 47.234257, 11.897572, 47.234257, -157.231966, -42.172611, -157.231966, -42.172611
3, 3, 11.897572, 47.234257, 11.897572, 47.234257, -157.231966, -42.172611, -157.231966, -42.172611
3, 3, 11.897572, 47.234257, 11.897572, 47.234257, -157.231966, -42.172611, -157.231966, -42.172611
3, 3, 11.897572, 47.234257, 11.897572, 47.234257, -157.231966, -42.172611, -157.231966, -42.172611
3, 3, 11.897572, 47.234257, 11.897572, 47.234257, -157.231966, -42.172611, -157.231966, -42.172611
3, 3, 11.897572, 47.234257, 11.897572, 47.234257, -157.231966, -42.172611, -157.231966, -42.172611
3, 3, 11.897572, 47.234257, 11.897572, 47.234257, -157.231966, -42.172611, -157.231966, -42.172611
3, 3, 11.897572, 47.234257, 11.897572, 47.234257, -157.231966, -42.172611, -157.231966, -42.172611
3, 3, 11.897572, 47.234257, 11.897572, 47.234257, -157.231966, -42.172611, -157.231966, -42.172611
3, 3, 11.897572, 47.234257, 11.897572, 47.234257, -157.231966, -42.172611, -157.231966, -42.172611
58, 58, 12.741754, 47.259019, 12.741754, 47.259019, -93.924799, -39.419515, -93.924799, -39.419515
30, 30, 15.423199, 46.902090, 15.423199, 46.902090, 107.162861, -79.103897, 107.162861, -79.103897
30, 30, 15.423199, 46.902090, 15.423199, 46.902090, 107.162861, -79.103897, 107.162861, -79.103897
30, 30, 15.423199, 46.902090, 15.423199, 46.902090, 107.162861, -79.103897, 107.162861, -79.103897
30, 30, 15.423199, 46.902090, 15.423199, 46.902090, 107.162861, -79.103897, 107.162861, -79.103897
6, 6, 16.420413, 48.123796, 16.420413, 48.123796, 181.946212, 56.728762, 181.946212, 56.728762
6, 6, 16.420413, 48.123796, 16.420413, 48.123796, 181.946212, 56.728762, 181.946212, 56.728762
6, 6, 16.420413, 48.123796, 16.420413, 48.123796, 181.946212, 56.728762, 181.946212, 56.728762
6, 6, 16.420413, 48.123796, 16.420413, 48.123796, 181.946212, 56.728762, 181.946212, 56.728762
6, 6, 16.420413, 48.123796, 16.420413, 48.123796, 181.946212, 56.728762, 181.946212, 56.728762
6, 6, 16.420413, 48.123796, 16.420413, 48.123796, 181.946212, 56.728762, 181.946212, 56.728762
6, 6, 16.420413, 48.123796, 16.420413, 48.123796, 181.946212, 56.728762, 181.946212, 56.728762
6, 6, 16.420413, 48.123796, 16.420413, 48.123796, 181.946212, 56.728762, 181.946212, 56.728762
6, 6, 16.420413, 48.123796, 16.420413, 48.123796, 181.946212, 56.728762, 181.946212, 56.728762
6, 6, 16.420413, 48.123796, 16.420413, 48.123796, 181.946212, 56.728762, 181.946212, 56.728762
6, 6, 16.420413, 48.123796, 16.420413, 48.123796, 181.946212, 56.728762, 181.946212, 56.728762
6, 6, 16.420413, 48.123796, 16.420413, 48.123796, 181.946212, 56.728762, 181.946212, 56.728762
6, 6, 16.420413, 48.123796, 16.420413, 48.123796, 181.946212, 56.728762, 181.946212, 56.728762
6, 6, 16.420413, 48.123796, 16.420413, 48.123796, 181.946212, 56.728762, 181.946212, 56.728762
6, 6, 16.420413, 48.123796, 16.420413, 48.123796, 181.946212, 56.728762, 181.946212, 56.728762
6, 6, 16.420413, 48.123796, 16.420413, 48.123796, 181.946212, 56.728762, 181.946212, 56.728762
6, 6, 16.420413, 48.123796, 16.420413, 48.123796, 181.946212, 56.728762, 181.946212, 56.728762
6, 6, 16.420413, 48.123796, 16.420413, 48.123796, 181.946212, 56.728762, 181.946212, 56.728762
6, 6, 16.420413, 48.123796, 16.420413, 48.123796, 181.946212, 56.728762, 181.946212, 56.728762
6, 6, 16.420413, 48.123796, 16.420413, 48.123796, 181.946212, 56.728762, 181.946212, 56.728762
6, 6, 16.420413, 48.123796, 16.420413, 48.123796, 181.946212, 56.728762, 181.946212, 56.728762
8, 8, 16.694821, 48.031894, 16.694821, 48.031894, 202.524691, 46.510887, 202.524691, 46.510887
8, 8, 16.694821, 48.031894, 16.694821, 48.031894, 202.524691, 46.510887, 202.524691, 46.510887
8, 8, 16.694821, 48.031894, 16.694821, 48.031894, 202.524691, 46.510887, 202.524691, 46.510887
8, 8, 16.694821, 48.031894, 16.694821, 48.031894, 202.524691, 46.510887, 202.524691, 46.510887
8, 8, 16.694821, 48.031894, 16.694821, 48.031894, 202.524691, 46.510887, 202.524691, 46.510887
8, 8, 16.694821, 48.031894, 16.694821, 48.031894, 202.524691, 46.510887, 202.524691, 46.510887
4, 4, 16.378561, 48.357861, 16.378561, 48.357861, 178.807581, 82.752757, 178.807581, 82.752757
4, 4, 16.378561, 48.357861, 16.378561, 48.357861, 178.807581, 82.752757, 178.807581, 82.752757
4, 4, 16.378561, 48.357861, 16.378561, 48.357861, 178.807581, 82.752757, 178.807581, 82.752757
4, 4, 16.378561, 48.357861, 16.378561, 48.357861, 178.807581, 82.752757, 178.807581, 82.752757
4, 4, 16.378561, 48.357861, 16.378561, 48.357861, 178.807581, 82.752757, 178.807581, 82.752757
4, 4, 16.378561, 48.357861, 16.378561, 48.357861, 178.807581, 82.752757, 178.807581, 82.752757
4, 4, 16.378561, 48.357861, 16.378561, 48.357861, 178.807581, 82.752757, 178.807581, 82.752757
4, 4, 16.378561, 48.357861, 16.378561, 48.357861, 178.807581, 82.752757, 178.807581, 82.752757
4, 4, 16.378561, 48.357861, 16.378561, 48.357861, 178.807581, 82.752757, 178.807581, 82.752757
4, 4, 16.378561, 48.357861, 16.378561, 48.357861, 178.807581, 82.752757, 178.807581, 82.752757
4, 4, 16.378561, 48.357861, 16.378561, 48.357861, 178.807581, 82.752757, 178.807581, 82.752757
4, 4, 16.378561, 48.357861, 16.378561, 48.357861, 178.807581, 82.752757, 178.807581, 82.752757
4, 4, 16.378561, 48.357861, 16.378561, 48.357861, 178.807581, 82.752757, 178.807581, 82.752757
4, 4, 16.378561, 48.357861, 16.378561, 48.357861, 178.807581, 82.752757, 178.807581, 82.752757
4, 4, 16.378561, 48.357861, 16.378561, 48.357861, 178.807581, 82.752757, 178.807581, 82.752757
4, 4, 16.378561, 48.357861, 16.378561, 48.357861, 178.807581, 82.752757, 178.807581, 82.752757
4, 4, 16.378561, 48.357861, 16.378561, 48.357861, 178.807581, 82.752757, 178.807581, 82.752757
4, 4, 16.378561, 48.357861, 16.378561, 48.357861, 178.807581, 82.752757, 178.807581, 82.752757
4, 4, 16.378561, 48.357861, 16.378561, 48.357861, 178.807581, 82.752757, 178.807581, 82.752757
4, 4, 16.378561, 48.357861, 16.378561, 48.357861, 178.807581, 82.752757, 178.807581, 82.752757
4, 4, 16.378561, 48.357861, 16.378561, 48.357861, 178.807581, 82.752757, 178.807581, 82.752757
4, 4, 16.378561, 48.357861, 16.378561, 48.357861, 178.807581, 82.752757, 178.807581, 82.752757
4, 4, 16.378561, 48.357861, 16.378561, 48.357861, 178.807581, 82.752757, 178.807581, 82.752757
4, 4, 16.378561, 48.357861, 16.378561, 48.357861, 178.807581, 82.752757, 178.807581, 82.752757
4, 4, 16.378561, 48.357861, 16.378561, 48.357861, 178.807581, 82.752757, 178.807581, 82.752757
19, 19, 14.473152, 48.124545, 14.473152, 48.124545, 35.916651, 56.812059, 35.916651, 56.812059
18, 18, 14.469823, 48.116754, 14.469823, 48.116754, 35.666980, 55.945810, 35.666980, 55.945810
18, 18, 14.469823, 48.116754, 14.469823, 48.116754, 35.666980, 55.945810, 35.666980, 55.945810
18, 18, 14.469823, 48.116754, 14.469823, 48.116754, 35.666980, 55.945810, 35.666980, 55.945810
18, 18, 14.469823, 48.116754, 14.469823, 48.116754, 35.666980, 55.945810, 35.666980, 55.945810
18, 18, 14.469823, 48.116754, 14.469823, 48.116754, 35.666980, 55.945810, 35.666980, 55.945810
18, 18, 14.469823, 48.116754, 14.469823, 48.116754, 35.666980, 55.945810, 35.666980, 55.945810
19, 19, 14.473152, 48.124545, 14.473152, 48.124545, 35.916651, 56.812059, 35.916651, 56.812059
19, 19, 14.473152, 48.124545, 14.473152, 48.124545, 35.916651, 56.812059, 35.916651, 56.812059
19, 19, 14.473152, 48.124545, 14.473152, 48.124545, 35.916651, 56.812059, 35.916651, 56.812059
19, 19, 14.473152, 48.124545, 14.473152, 48.124545, 35.916651, 56.812059, 35.916651, 56.812059
19, 19, 14.473152, 48.124545, 14.473152, 48.124545, 35.916651, 56.812059, 35.916651, 56.812059
19, 19, 14.473152, 48.124545, 14.473152, 48.124545, 35.916651, 56.812059, 35.916651, 56.812059
19, 19, 14.473152, 48.124545, 14.473152, 48.124545, 35.916651, 56.812059, 35.916651, 56.812059
19, 19, 14.473152, 48.124545, 14.473152, 48.124545, 35.916651, 56.812059, 35.916651, 56.812059
19, 19, 14.473152, 48.124545, 14.473152, 48.124545, 35.916651, 56.812059, 35.916651, 56.812059
19, 19, 14.473152, 48.124545, 14.473152, 48.124545, 35.916651, 56.812059, 35.916651, 56.812059
19, 19, 14.473152, 48.124545, 14.473152, 48.124545, 35.916651, 56.812059, 35.916651, 56.812059
19, 19, 14.473152, 48.124545, 14.473152, 48.124545, 35.916651, 56.812059, 35.916651, 56.812059
19, 19, 14.473152, 48.124545, 14.473152, 48.124545, 35.916651, 56.812059, 35.916651, 56.812059
19, 19, 14.473152, 48.124545, 14.473152, 48.124545, 35.916651, 56.812059, 35.916651, 56.812059
19, 19, 14.473152, 48.124545, 14.473152, 48.124545, 35.916651, 56.812059, 35.916651, 56.812059
19, 19, 14.473152, 48.124545, 14.473152, 48.124545, 35.916651, 56.812059, 35.916651, 56.812059
19, 19, 14.473152, 48.124545, 14.473152, 48.124545, 35.916651, 56.812059, 35.916651, 56.812059
19, 19, 14.473152, 48.124545, 14.473152, 48.124545, 35.916651, 56.812059, 35.916651, 56.812059
19, 19, 14.473152, 48.124545, 14.473152, 48.124545, 35.916651, 56.812059, 35.916651, 56.812059
52, 52, 12.806076, 46.824739, 12.806076, 46.824739, -89.101138, -87.703992, -89.101138, -87.703992
52, 52, 12.806076, 46.824739, 12.806076, 46.824739, -89.101138, -87.703992, -89.101138, -87.703992
52, 52, 12.806076, 46.824739, 12.806076, 46.824739, -89.101138, -87.703992, -89.101138, -87.703992
37, 37, 13.328864, 46.871350, 13.328864, 46.871350, -49.896139, -82.521615, -49.896139, -82.521615
37, 37, 13.328864, 46.871350, 13.328864, 46.871350, -49.896139, -82.521615, -49.896139, -82.521615
, 28, , , 16.995119, 47.936971, , , 225.044678, 35.957007
28, 28, 16.995119, 47.936971, 16.995119, 47.936971, 225.044678, 35.957007, 225.044678, 35.957007
28, 28, 16.995119, 47.936971, 16.995119, 47.936971, 225.044678, 35.957007, 225.044678, 35.957007
17, 17, 13.082567, 48.256954, 13.082567, 48.256954, -68.366502, 71.533684, -68.366502, 71.533684
17, 17, 13.082567, 48.256954, 13.082567, 48.256954, -68.366502, 71.533684, -68.366502, 71.533684
17, 17, 13.082567, 48.256954, 13.082567, 48.256954, -68.366502, 71.533684, -68.366502, 71.533684
17, 17, 13.082567, 48.256954, 13.082567, 48.256954, -68.366502, 71.533684, -68.366502, 71.533684
17, 17, 13.082567, 48.256954, 13.082567, 48.256954, -68.366502, 71.533684, -68.366502, 71.533684
17, 17, 13.082567, 48.256954, 13.082567, 48.256954, -68.366502, 71.533684, -68.366502, 71.533684
17, 17, 13.082567, 48.256954, 13.082567, 48.256954, -68.366502, 71.533684, -68.366502, 71.533684
17, 17, 13.082567, 48.256954, 13.082567, 48.256954, -68.366502, 71.533684, -68.366502, 71.533684
17, 17, 13.082567, 48.256954, 13.082567, 48.256954, -68.366502, 71.533684, -68.366502, 71.533684
17, 17, 13.082567, 48.256954, 13.082567, 48.256954, -68.366502, 71.533684, -68.366502, 71.533684
17, 17, 13.082567, 48.256954, 13.082567, 48.256954, -68.366502, 71.533684, -68.366502, 71.533684
17, 17, 13.082567, 48.256954, 13.082567, 48.256954, -68.366502, 71.533684, -68.366502, 71.533684
17, 17, 13.082567, 48.256954, 13.082567, 48.256954, -68.366502, 71.533684, -68.366502, 71.533684
17, 17, 13.082567, 48.256954, 13.082567, 48.256954, -68.366502, 71.533684, -68.366502, 71.533684
17, 17, 13.082567, 48.256954, 13.082567, 48.256954, -68.366502, 71.533684, -68.366502, 71.533684
17, 17, 13.082567, 48.256954, 13.082567, 48.256954, -68.366502, 71.533684, -68.366502, 71.533684
17, 17, 13.082567, 48.256954, 13.082567, 48.256954, -68.366502, 71.533684, -68.366502, 71.533684
17, 17, 13.082567, 48.256954, 13.082567, 48.256954, -68.366502, 71.533684, -68.366502, 71.533684
17, 17, 13.082567, 48.256954, 13.082567, 48.256954, -68.366502, 71.533684, -68.366502, 71.533684
17, 17, 13.082567, 48.256954, 13.082567, 48.256954, -68.366502, 71.533684, -68.366502, 71.533684
17, 17, 13.082567, 48.256954, 13.082567, 48.256954, -68.366502, 71.533684, -68.366502, 71.533684
17, 17, 13.082567, 48.256954, 13.082567, 48.256954, -68.366502, 71.533684, -68.366502, 71.533684
17, 17, 13.082567, 48.256954, 13.082567, 48.256954, -68.366502, 71.533684, -68.366502, 71.533684
17, 17, 13.082567, 48.256954, 13.082567, 48.256954, -68.366502, 71.533684, -68.366502, 71.533684
17, 17, 13.082567, 48.256954, 13.082567, 48.256954, -68.366502, 71.533684, -68.366502, 71.533684
17, 17, 13.082567, 48.256954, 13.082567, 48.256954, -68.366502, 71.533684, -68.366502, 71.533684
67, 67, 13.827889, 46.552449, 13.827889, 46.552449, -12.473114, -117.977986, -12.473114, -117.977986
67, 67, 13.827889, 46.552449, 13.827889, 46.552449, -12.473114, -117.977986, -12.473114, -117.977986
67, 67, 13.827889, 46.552449, 13.827889, 46.552449, -12.473114, -117.977986, -12.473114, -117.977986
66, 67, 13.680318, 46.543853, 13.827889, 46.552449, -23.539766, -118.933704, -12.473114, -117.977986
67, 67, 13.827889, 46.552449, 13.827889, 46.552449, -12.473114, -117.977986, -12.473114, -117.977986
67, 67, 13.827889, 46.552449, 13.827889, 46.552449, -12.473114, -117.977986, -12.473114, -117.977986
71, 27, 16.801697, 48.605907, 16.806456, 48.711229, 210.539575, 110.331242, 210.896433, 122.041228
28, 28, 16.995119, 47.936971, 16.995119, 47.936971, 225.044678, 35.957007, 225.044678, 35.957007
28, 28, 16.995119, 47.936971, 16.995119, 47.936971, 225.044678, 35.957007, 225.044678, 35.957007
28, 28, 16.995119, 47.936971, 16.995119, 47.936971, 225.044678, 35.957007, 225.044678, 35.957007
29, 29, 14.681935, 46.668794, 14.681935, 46.668794, 51.573772, -105.042430, 51.573772, -105.042430
29, 29, 14.681935, 46.668794, 14.681935, 46.668794, 51.573772, -105.042430, 51.573772, -105.042430
29, 29, 14.681935, 46.668794, 14.681935, 46.668794, 51.573772, -105.042430, 51.573772, -105.042430
29, 29, 14.681935, 46.668794, 14.681935, 46.668794, 51.573772, -105.042430, 51.573772, -105.042430
29, 29, 14.681935, 46.668794, 14.681935, 46.668794, 51.573772, -105.042430, 51.573772, -105.042430
29, 29, 14.681935, 46.668794, 14.681935, 46.668794, 51.573772, -105.042430, 51.573772, -105.042430
29, 29, 14.681935, 46.668794, 14.681935, 46.668794, 51.573772, -105.042430, 51.573772, -105.042430
29, 29, 14.681935, 46.668794, 14.681935, 46.668794, 51.573772, -105.042430, 51.573772, -105.042430
29, 29, 14.681935, 46.668794, 14.681935, 46.668794, 51.573772, -105.042430, 51.573772, -105.042430
29, 29, 14.681935, 46.668794, 14.681935, 46.668794, 51.573772, -105.042430, 51.573772, -105.042430
29, 29, 14.681935, 46.668794, 14.681935, 46.668794, 51.573772, -105.042430, 51.573772, -105.042430
29, 29, 14.681935, 46.668794, 14.681935, 46.668794, 51.573772, -105.042430, 51.573772, -105.042430
29, 29, 14.681935, 46.668794, 14.681935, 46.668794, 51.573772, -105.042430, 51.573772, -105.042430
29, 29, 14.681935, 46.668794, 14.681935, 46.668794, 51.573772, -105.042430, 51.573772, -105.042430
15, 15, 9.812639, 47.143116, 9.812639, 47.143116, -313.585850, -52.305987, -313.585850, -52.305987
15, 15, 9.812639, 47.143116, 9.812639, 47.143116, -313.585850, -52.305987, -313.585850, -52.305987
15, 15, 9.812639, 47.143116, 9.812639, 47.143116, -313.585850, -52.305987, -313.585850, -52.305987
15, 15, 9.812639, 47.143116, 9.812639, 47.143116, -313.585850, -52.305987, -313.585850, -52.305987
15, 15, 9.812639, 47.143116, 9.812639, 47.143116, -313.585850, -52.305987, -313.585850, -52.305987
15, 15, 9.812639, 47.143116, 9.812639, 47.143116, -313.585850, -52.305987, -313.585850, -52.305987
15, 15, 9.812639, 47.143116, 9.812639, 47.143116, -313.585850, -52.305987, -313.585850, -52.305987
15, 15, 9.812639, 47.143116, 9.812639, 47.143116, -313.585850, -52.305987, -313.585850, -52.305987
15, 15, 9.812639, 47.143116, 9.812639, 47.143116, -313.585850, -52.305987, -313.585850, -52.305987
15, 15, 9.812639, 47.143116, 9.812639, 47.143116, -313.585850, -52.305987, -313.585850, -52.305987
19, 19, 14.473152, 48.124545, 14.473152, 48.124545, 35.916651, 56.812059, 35.916651, 56.812059
4, 9, 16.378561, 48.357861, 16.514880, 48.341075, 178.807581, 82.752757, 189.030515, 80.886478
9, 9, 16.514880, 48.341075, 16.514880, 48.341075, 189.030515, 80.886478, 189.030515, 80.886478
9, 9, 16.514880, 48.341075, 16.514880, 48.341075, 189.030515, 80.886478, 189.030515, 80.886478
9, 9, 16.514880, 48.341075, 16.514880, 48.341075, 189.030515, 80.886478, 189.030515, 80.886478
9, 9, 16.514880, 48.341075, 16.514880, 48.341075, 189.030515, 80.886478, 189.030515, 80.886478
41, 41, 11.838888, 47.392873, 11.838888, 47.392873, -161.632769, -24.537268, -161.632769, -24.537268
41, 41, 11.838888, 47.392873, 11.838888, 47.392873, -161.632769, -24.537268, -161.632769, -24.537268
41, 41, 11.838888, 47.392873, 11.838888, 47.392873, -161.632769, -24.537268, -161.632769, -24.537268
41, 41, 11.838888, 47.392873, 11.838888, 47.392873, -161.632769, -24.537268, -161.632769, -24.537268
41, 41, 11.838888, 47.392873, 11.838888, 47.392873, -161.632769, -24.537268, -161.632769, -24.537268
41, 41, 11.838888, 47.392873, 11.838888, 47.392873, -161.632769, -24.537268, -161.632769, -24.537268
6, 5, 16.420413, 48.123796, 16.428141, 48.139724, 181.946212, 56.728762, 182.525760, 58.499720
11, 9416426999, 15.046286, 48.147571, 15.005224, 48.150148, 78.897249, 59.372108, 75.817920, 59.658624
23, 23, 16.063459, 47.705699, 16.063459, 47.705699, 155.177366, 10.243620, 155.177366, 10.243620
23, 23, 16.063459, 47.705699, 16.063459, 47.705699, 155.177366, 10.243620, 155.177366, 10.243620
23, 23, 16.063459, 47.705699, 16.063459, 47.705699, 155.177366, 10.243620, 155.177366, 10.243620
23, 23, 16.063459, 47.705699, 16.063459, 47.705699, 155.177366, 10.243620, 155.177366, 10.243620
31, 31, 15.019454, 47.396278, 15.019454, 47.396278, 76.885097, -24.158738, 76.885097, -24.158738
31, 31, 15.019454, 47.396278, 15.019454, 47.396278, 76.885097, -24.158738, 76.885097, -24.158738
31, 48, 15.019454, 47.396278, 14.207876, 47.574482, 76.885097, -24.158738, 16.022996, -4.345533
31, 31, 15.019454, 47.396278, 15.019454, 47.396278, 76.885097, -24.158738, 76.885097, -24.158738
31, 23, 15.019454, 47.396278, 16.063459, 47.705699, 76.885097, -24.158738, 155.177366, 10.243620
70, 70, 16.838649, 47.960891, 16.838649, 47.960891, 213.310690, 38.616572, 213.310690, 38.616572
62, 62, 15.855981, 48.372649, 15.855981, 48.372649, 139.618148, 84.396918, 139.618148, 84.396918
62, 62, 15.855981, 48.372649, 15.855981, 48.372649, 139.618148, 84.396918, 139.618148, 84.396918
62, 62, 15.855981, 48.372649, 15.855981, 48.372649, 139.618148, 84.396918, 139.618148, 84.396918
45, 45, 15.490875, 46.910589, 15.490875, 46.910589, 112.238019, -78.158901, 112.238019, -78.158901
45, 45, 15.490875, 46.910589, 15.490875, 46.910589, 112.238019, -78.158901, 112.238019, -78.158901
58, 58, 12.741754, 47.259019, 12.741754, 47.259019, -93.924799, -39.419515, -93.924799, -39.419515
58, 58, 12.741754, 47.259019, 12.741754, 47.259019, -93.924799, -39.419515, -93.924799, -39.419515
13, 13, 10.872783, 47.244415, 10.872783, 47.244415, -234.083213, -41.043210, -234.083213, -41.043210
13, 13, 10.872783, 47.244415, 10.872783, 47.244415, -234.083213, -41.043210, -234.083213, -41.043210
13, 13, 10.872783, 47.244415, 10.872783, 47.244415, -234.083213, -41.043210, -234.083213, -41.043210
13, 13, 10.872783, 47.244415, 10.872783, 47.244415, -234.083213, -41.043210, -234.083213, -41.043210
13, 13, 10.872783, 47.244415, 10.872783, 47.244415, -234.083213, -41.043210, -234.083213, -41.043210
13, 13, 10.872783, 47.244415, 10.872783, 47.244415, -234.083213, -41.043210, -234.083213, -41.043210
13, 13, 10.872783, 47.244415, 10.872783, 47.244415, -234.083213, -41.043210, -234.083213, -41.043210
13, 13, 10.872783, 47.244415, 10.872783, 47.244415, -234.083213, -41.043210, -234.083213, -41.043210
13, 13, 10.872783, 47.244415, 10.872783, 47.244415, -234.083213, -41.043210, -234.083213, -41.043210
13, 13, 10.872783, 47.244415, 10.872783, 47.244415, -234.083213, -41.043210, -234.083213, -41.043210
13, 13, 10.872783, 47.244415, 10.872783, 47.244415, -234.083213, -41.043210, -234.083213, -41.043210
13, 13, 10.872783, 47.244415, 10.872783, 47.244415, -234.083213, -41.043210, -234.083213, -41.043210
13, 13, 10.872783, 47.244415, 10.872783, 47.244415, -234.083213, -41.043210, -234.083213, -41.043210
13, 13, 10.872783, 47.244415, 10.872783, 47.244415, -234.083213, -41.043210, -234.083213, -41.043210
44, 44, 15.485788, 46.914965, 15.485788, 46.914965, 111.856539, -77.672376, 111.856539, -77.672376
, 54, , , 10.042948, 46.974087, , , -296.314428, -71.099067
54, 54, 10.042948, 46.974087, 10.042948, 46.974087, -296.314428, -71.099067, -296.314428, -71.099067
54, 54, 10.042948, 46.974087, 10.042948, 46.974087, -296.314428, -71.099067, -296.314428, -71.099067
14, 14, 9.671056, 47.199400, 9.671056, 47.199400, -324.203485, -46.048093, -324.203485, -46.048093
14, 14, 9.671056, 47.199400, 9.671056, 47.199400, -324.203485, -46.048093, -324.203485, -46.048093
12, 12, 15.064714, 48.188577, 15.064714, 48.188577, 80.279219, 63.931347, 80.279219, 63.931347
12, 12, 15.064714, 48.188577, 15.064714, 48.188577, 80.279219, 63.931347, 80.279219, 63.931347
12, 12, 15.064714, 48.188577, 15.064714, 48.188577, 80.279219, 63.931347, 80.279219, 63.931347
5, 5, 16.428141, 48.139724, 16.428141, 48.139724, 182.525760, 58.499720, 182.525760, 58.499720
5, 5, 16.428141, 48.139724, 16.428141, 48.139724, 182.525760, 58.499720, 182.525760, 58.499720
