248719562, 16.420575, 48.337116, 181.958350, 80.446232, 248719806, 16.396030, 48.297414, 180.117687, 76.032099
1, 11.471713, 47.273003, -189.168098, -37.864700, 2, 11.105267, 47.294059, -216.648723, -35.523688
13, 10.872783, 47.244415, -234.083213, -41.043210, 3, 11.897572, 47.234257, -157.231966, -42.172611
4, 16.378561, 48.357861, 178.807581, 82.752757, 384742284, 16.240544, 48.357020, 168.457401, 82.659292
6, 16.420413, 48.123796, 181.946212, 56.728762, 5, 16.428141, 48.139724, 182.525760, 58.499720
6, 16.420413, 48.123796, 181.946212, 56.728762, 7, 16.341149, 48.136159, 176.001975, 58.103316
6, 16.420413, 48.123796, 181.946212, 56.728762, 6, 16.420413, 48.123796, 181.946212, 56.728762
8, 16.694821, 48.031894, 202.524691, 46.510887, 8, 16.694821, 48.031894, 202.524691, 46.510887
2, 11.105267, 47.294059, -216.648723, -35.523688, 339673476, 11.265627, 47.401255, -204.622971, -23.605304
9, 16.514880, 48.341075, 189.030515, 80.886478, 278220864, 16.646915, 48.119531, 198.932124, 56.254586
278220880, 16.682211, 48.075740, 201.579022, 51.385726, 278220864, 16.646915, 48.119531, 198.932124, 56.254586
10, 15.692377, 48.226748, 127.349108, 68.175219, 10, 15.692377, 48.226748, 127.349108, 68.175219
11, 15.046286, 48.147571, 78.897249, 59.372108, 12, 15.064714, 48.188577, 80.279219, 63.931347
281466866, 10.658314, 47.559233, -250.166717, -6.040896, 13, 10.872783, 47.244415, -234.083213, -41.043210
281466866, 10.658314, 47.559233, -250.166717, -6.040896, 13, 10.872783, 47.244415, -234.083213, -41.043210
14, 9.671056, 47.199400, -324.203485, -46.048093, 363416935, 9.684560, 47.203654, -323.190799, -45.575130
15, 9.812639, 47.143116, -313.585850, -52.305987, 363686897, 9.784150, 47.166683, -315.722303, -49.685713
2, 11.105267, 47.294059, -216.648723, -35.523688, 16, 10.966063, 47.269567, -227.087907, -38.246729
1855407874, 14.019266, 48.385019, 1.878693, 85.772231, 951632760, 13.700604, 48.174024, -22.018473, 62.313224
17, 13.082567, 48.256954, -68.366502, 71.533684, 18, 14.469823, 48.116754, 35.666980, 55.945810
19, 14.473152, 48.124545, 35.916651, 56.812059, 372921689, 14.469075, 48.108309, 35.610893, 55.006893
20, 12.739205, 47.277703, -94.115967, -37.342216, 21, 13.066326, 47.887553, -69.584421, 30.462574
22, 11.391927, 47.237120, -195.151459, -41.854368, 22, 11.391927, 47.237120, -195.151459, -41.854368
9416426999, 15.005224, 48.150148, 75.817920, 59.658624, 980615124, 14.711651, 48.130419, 53.802257, 57.465166
15, 9.812639, 47.143116, -313.585850, -52.305987, 251417206, 9.810249, 47.655439, -313.765019, 4.655487
23, 16.063459, 47.705699, 155.177366, 10.243620, 637747763, 16.374177, 47.983574, 178.478858, 41.138544
4, 16.378561, 48.357861, 178.807581, 82.752757, 4, 16.378561, 48.357861, 178.807581, 82.752757
24, 15.705501, 48.393008, 128.333337, 86.660534, 982658946, 15.709414, 48.332251, 128.626723, 79.905373
25, 14.027725, 46.568311, 2.513031, -116.214374, 772476710, 14.024990, 46.560810, 2.307926, -117.048348
1208652936, 11.967221, 47.146461, -152.008795, -51.934028, 778293655, 11.870490, 47.156491, -159.262880, -50.818832
372921689, 14.469075, 48.108309, 35.610893, 55.006893, 26, 14.052082, 48.083150, 4.339635, 52.209636
4, 16.378561, 48.357861, 178.807581, 82.752757, 27, 16.806456, 48.711229, 210.896433, 122.041228
8, 16.694821, 48.031894, 202.524691, 46.510887, 28, 16.995119, 47.936971, 225.044678, 35.957007
962062799, 13.229270, 47.334886, -57.364898, -30.984393, 962063040, 13.212633, 47.330377, -58.612529, -31.485794
29, 14.681935, 46.668794, 51.573772, -105.042430, 30, 15.423199, 46.902090, 107.162861, -79.103897
1029569408, 14.783600, 47.144531, 59.197839, -52.148578, 31, 15.019454, 47.396278, 76.885097, -24.158738
32, 16.276894, 47.251715, 171.183404, -40.231583, 32, 16.276894, 47.251715, 171.183404, -40.231583
33, 9.592386, 47.311986, -330.103066, -33.530462, 33, 9.592386, 47.311986, -330.103066, -33.530462
34, 9.715141, 47.431901, -320.897402, -20.197990, 34, 9.715141, 47.431901, -320.897402, -20.197990
35, 15.726399, 47.090970, 129.900531, -58.103727, 1152805595, 15.990006, 47.257024, 149.668993, -39.641328
602036901, 16.088206, 48.745999, 157.033190, 125.907020, 36, 15.884820, 48.329118, 141.780823, 79.557067
37, 13.328864, 46.871350, -49.896139, -82.521615, 37, 13.328864, 46.871350, -49.896139, -82.521615
37, 13.328864, 46.871350, -49.896139, -82.521615, 37, 13.328864, 46.871350, -49.896139, -82.521615
37, 13.328864, 46.871350, -49.896139, -82.521615, 37, 13.328864, 46.871350, -49.896139, -82.521615
37, 13.328864, 46.871350, -49.896139, -82.521615, 37, 13.328864, 46.871350, -49.896139, -82.521615
1110946812, 15.885056, 48.353965, 141.798554, 82.319617, 38, 15.884408, 48.345844, 141.749936, 81.416730
1114955560, 15.924861, 48.327649, 144.783599, 79.393676, 36, 15.884820, 48.329118, 141.780823, 79.557067
986535827, 14.172158, 46.548464, 13.344449, -118.420989, 39, 14.173037, 46.535791, 13.410363, -119.830049
11, 15.046286, 48.147571, 78.897249, 59.372108, 4, 16.378561, 48.357861, 178.807581, 82.752757
1015961149, 14.702701, 46.630825, 53.131039, -109.263832, 40, 14.702600, 46.630530, 53.123515, -109.296712
1029569408, 14.783600, 47.144531, 59.197839, -52.148578, 1029594795, 14.725088, 47.180943, 54.809898, -48.100269
3, 11.897572, 47.234257, -157.231966, -42.172611, 41, 11.838888, 47.392873, -161.632769, -24.537268
42, 12.074142, 47.522099, -143.990576, -10.169541, 41, 11.838888, 47.392873, -161.632769, -24.537268
41, 11.838888, 47.392873, -161.632769, -24.537268, 1, 11.471713, 47.273003, -189.168098, -37.864700
31, 15.019454, 47.396278, 76.885097, -24.158738, 31, 15.019454, 47.396278, 76.885097, -24.158738
43, 11.850525, 47.162452, -160.760120, -50.156094, 3, 11.897572, 47.234257, -157.231966, -42.172611
23, 16.063459, 47.705699, 155.177366, 10.243620, 23, 16.063459, 47.705699, 155.177366, 10.243620
44, 15.485788, 46.914965, 111.856539, -77.672376, 45, 15.490875, 46.910589, 112.238019, -78.158901
1036636394, 14.327981, 47.677958, 25.029978, 7.159300, 46, 14.328669, 47.678071, 25.081523, 7.171831
980615124, 14.711651, 48.130419, 53.802257, 57.465166, 47, 14.695812, 48.163442, 52.614453, 61.136728
48, 14.207876, 47.574482, 16.022996, -4.345533, 962062799, 13.229270, 47.334886, -57.364898, -30.984393
49, 13.900166, 48.105108, -7.052887, 54.651022, 49, 13.900166, 48.105108, -7.052887, 54.651022
49, 13.900166, 48.105108, -7.052887, 54.651022, 49, 13.900166, 48.105108, -7.052887, 54.651022
49, 13.900166, 48.105108, -7.052887, 54.651022, 49, 13.900166, 48.105108, -7.052887, 54.651022
30, 15.423199, 46.902090, 107.162861, -79.103897, 30, 15.423199, 46.902090, 107.162861, -79.103897
1096356359, 16.410302, 47.548445, 181.187954, -7.240369, 637747763, 16.374177, 47.983574, 178.478858, 41.138544
18, 14.469823, 48.116754, 35.666980, 55.945810, 50, 15.736977, 48.268875, 130.693752, 72.859026
16, 10.966063, 47.269567, -227.087907, -38.246729, 1177035263, 11.005814, 47.207862, -224.106916, -45.107340
13, 10.872783, 47.244415, -234.083213, -41.043210, 16, 10.966063, 47.269567, -227.087907, -38.246729
51, 13.444269, 48.434737, -41.241621, 91.300036, 17, 13.082567, 48.256954, -68.366502, 71.533684
51, 13.444269, 48.434737, -41.241621, 91.300036, 51, 13.444269, 48.434737, -41.241621, 91.300036
51, 13.444269, 48.434737, -41.241621, 91.300036, 51, 13.444269, 48.434737, -41.241621, 91.300036
330839349, 15.734383, 48.255201, 130.499213, 71.338785, 50, 15.736977, 48.268875, 130.693752, 72.859026
988976867, 12.559293, 46.654967, -107.607991, -106.579646, 52, 12.806076, 46.824739, -89.101138, -87.703992
1098087365, 12.458102, 47.275099, -115.196504, -37.631711, 339004004, 12.264696, 47.245322, -129.700505, -40.942444
1152861605, 16.166650, 47.270734, 162.915899, -38.116990, 32, 16.276894, 47.251715, 171.183404, -40.231583
32, 16.276894, 47.251715, 171.183404, -40.231583, 32, 16.276894, 47.251715, 171.183404, -40.231583
32, 16.276894, 47.251715, 171.183404, -40.231583, 32, 16.276894, 47.251715, 171.183404, -40.231583
32, 16.276894, 47.251715, 171.183404, -40.231583, 32, 16.276894, 47.251715, 171.183404, -40.231583
32, 16.276894, 47.251715, 171.183404, -40.231583, 1096356359, 16.410302, 47.548445, 181.187954, -7.240369
1152805595, 15.990006, 47.257024, 149.668993, -39.641328, 1152861605, 16.166650, 47.270734, 162.915899, -38.116990
43, 11.850525, 47.162452, -160.760120, -50.156094, 1154380798, 11.817474, 47.131352, -163.238686, -53.613855
1154380811, 11.803202, 47.112259, -164.309005, -55.736679, 1154380770, 11.788732, 47.090341, -165.394099, -58.173583
1154380798, 11.817474, 47.131352, -163.238686, -53.613855, 1154380811, 11.803202, 47.112259, -164.309005, -55.736679
1154380798, 11.817474, 47.131352, -163.238686, -53.613855, 1154380811, 11.803202, 47.112259, -164.309005, -55.736679
1154380770, 11.788732, 47.090341, -165.394099, -58.173583, 53, 11.778700, 47.085515, -166.146455, -58.710129
1154380770, 11.788732, 47.090341, -165.394099, -58.173583, 53, 11.778700, 47.085515, -166.146455, -58.710129
33, 9.592386, 47.311986, -330.103066, -33.530462, 33, 9.592386, 47.311986, -330.103066, -33.530462
33, 9.592386, 47.311986, -330.103066, -33.530462, 33, 9.592386, 47.311986, -330.103066, -33.530462
13, 10.872783, 47.244415, -234.083213, -41.043210, 13, 10.872783, 47.244415, -234.083213, -41.043210
13, 10.872783, 47.244415, -234.083213, -41.043210, 13, 10.872783, 47.244415, -234.083213, -41.043210
13, 10.872783, 47.244415, -234.083213, -41.043210, 13, 10.872783, 47.244415, -234.083213, -41.043210
13, 10.872783, 47.244415, -234.083213, -41.043210, 13, 10.872783, 47.244415, -234.083213, -41.043210
527942908, 10.684467, 47.136113, -248.205437, -53.084603, 1162933732, 10.469538, 46.865981, -264.323474, -83.118593
527942908, 10.684467, 47.136113, -248.205437, -53.084603, 13, 10.872783, 47.244415, -234.083213, -41.043210
527942908, 10.684467, 47.136113, -248.205437, -53.084603, 13, 10.872783, 47.244415, -234.083213, -41.043210
13, 10.872783, 47.244415, -234.083213, -41.043210, 1163053835, 10.666102, 47.069842, -249.582670, -60.452729
527942908, 10.684467, 47.136113, -248.205437, -53.084603, 15, 9.812639, 47.143116, -313.585850, -52.305987
527942908, 10.684467, 47.136113, -248.205437, -53.084603, 15, 9.812639, 47.143116, -313.585850, -52.305987
15, 9.812639, 47.143116, -313.585850, -52.305987, 15, 9.812639, 47.143116, -313.585850, -52.305987
15, 9.812639, 47.143116, -313.585850, -52.305987, 15, 9.812639, 47.143116, -313.585850, -52.305987
54, 10.042948, 46.974087, -296.314428, -71.099067, 55, 9.873800, 47.086721, -308.999238, -58.576064
33, 9.592386, 47.311986, -330.103066, -33.530462, 832431744, 9.684793, 47.396254, -323.173258, -24.161307
1177464906, 9.873520, 47.087634, -309.020228, -58.474566, 55, 9.873800, 47.086721, -308.999238, -58.576064
56, 9.873747, 47.072667, -309.003214, -60.138685, 56, 9.873747, 47.072667, -309.003214, -60.138685
56, 9.873747, 47.072667, -309.003214, -60.138685, 56, 9.873747, 47.072667, -309.003214, -60.138685
15, 9.812639, 47.143116, -313.585850, -52.305987, 56, 9.873747, 47.072667, -309.003214, -60.138685
363686897, 9.784150, 47.166683, -315.722303, -49.685713, 363370503, 9.728132, 47.178984, -319.923228, -48.318087
30, 15.423199, 46.902090, 107.162861, -79.103897, 30, 15.423199, 46.902090, 107.162861, -79.103897
30, 15.423199, 46.902090, 107.162861, -79.103897, 44, 15.485788, 46.914965, 111.856539, -77.672376
44, 15.485788, 46.914965, 111.856539, -77.672376, 975358586, 15.753562, 47.035228, 131.937482, -64.301276
35, 15.726399, 47.090970, 129.900531, -58.103727, 35, 15.726399, 47.090970, 129.900531, -58.103727
975358586, 15.753562, 47.035228, 131.937482, -64.301276, 35, 15.726399, 47.090970, 129.900531, -58.103727
35, 15.726399, 47.090970, 129.900531, -58.103727, 35, 15.726399, 47.090970, 129.900531, -58.103727
35, 15.726399, 47.090970, 129.900531, -58.103727, 35, 15.726399, 47.090970, 129.900531, -58.103727
778293655, 11.870490, 47.156491, -159.262880, -50.818832, 43, 11.850525, 47.162452, -160.760120, -50.156094
21, 13.066326, 47.887553, -69.584421, 30.462574, 57, 13.030217, 47.830895, -72.292350, 24.163254
21, 13.066326, 47.887553, -69.584421, 30.462574, 57, 13.030217, 47.830895, -72.292350, 24.163254
21, 13.066326, 47.887553, -69.584421, 30.462574, 21, 13.066326, 47.887553, -69.584421, 30.462574
21, 13.066326, 47.887553, -69.584421, 30.462574, 21, 13.066326, 47.887553, -69.584421, 30.462574
17, 13.082567, 48.256954, -68.366502, 71.533684, 17, 13.082567, 48.256954, -68.366502, 71.533684
1213978938, 13.104371, 48.226832, -66.731381, 68.184563, 21, 13.066326, 47.887553, -69.584421, 30.462574
17, 13.082567, 48.256954, -68.366502, 71.533684, 1213978938, 13.104371, 48.226832, -66.731381, 68.184563
797335309, 9.564059, 47.304302, -332.227428, -34.384863, 33, 9.592386, 47.311986, -330.103066, -33.530462
38, 15.884408, 48.345844, 141.749936, 81.416730, 38, 15.884408, 48.345844, 141.749936, 81.416730
36, 15.884820, 48.329118, 141.780823, 79.557067, 36, 15.884820, 48.329118, 141.780823, 79.557067
339004004, 12.264696, 47.245322, -129.700505, -40.942444, 3, 11.897572, 47.234257, -157.231966, -42.172611
248719562, 16.420575, 48.337116, 181.958350, 80.446232, 4, 16.378561, 48.357861, 178.807581, 82.752757
4, 16.378561, 48.357861, 178.807581, 82.752757, 36, 15.884820, 48.329118, 141.780823, 79.557067
980615124, 14.711651, 48.130419, 53.802257, 57.465166, 19, 14.473152, 48.124545, 35.916651, 56.812059
58, 12.741754, 47.259019, -93.924799, -39.419515, 58, 12.741754, 47.259019, -93.924799, -39.419515
20, 12.739205, 47.277703, -94.115967, -37.342216, 58, 12.741754, 47.259019, -93.924799, -39.419515
58, 12.741754, 47.259019, -93.924799, -39.419515, 59, 12.721456, 47.200346, -95.447033, -45.942967
461705491, 12.732550, 47.272509, -94.615054, -37.919674, 60, 12.583780, 47.278295, -105.771653, -37.276369
20, 12.739205, 47.277703, -94.115967, -37.342216, 461705491, 12.732550, 47.272509, -94.615054, -37.919674
461705491, 12.732550, 47.272509, -94.615054, -37.919674, 52, 12.806076, 46.824739, -89.101138, -87.703992
832431744, 9.684793, 47.396254, -323.173258, -24.161307, 34, 9.715141, 47.431901, -320.897402, -20.197990
363416935, 9.684560, 47.203654, -323.190799, -45.575130, 61, 9.643681, 47.222382, -326.256370, -43.492938
33, 9.592386, 47.311986, -330.103066, -33.530462, 33, 9.592386, 47.311986, -330.103066, -33.530462
33, 9.592386, 47.311986, -330.103066, -33.530462, 33, 9.592386, 47.311986, -330.103066, -33.530462
34, 9.715141, 47.431901, -320.897402, -20.197990, 34, 9.715141, 47.431901, -320.897402, -20.197990
49, 13.900166, 48.105108, -7.052887, 54.651022, 951632760, 13.700604, 48.174024, -22.018473, 62.313224
49, 13.900166, 48.105108, -7.052887, 54.651022, 49, 13.900166, 48.105108, -7.052887, 54.651022
951632760, 13.700604, 48.174024, -22.018473, 62.313224, 17, 13.082567, 48.256954, -68.366502, 71.533684
26, 14.052082, 48.083150, 4.339635, 52.209636, 49, 13.900166, 48.105108, -7.052887, 54.651022
372921689, 14.469075, 48.108309, 35.610893, 55.006893, 46, 14.328669, 47.678071, 25.081523, 7.171831
18, 14.469823, 48.116754, 35.666980, 55.945810, 19, 14.473152, 48.124545, 35.916651, 56.812059
18, 14.469823, 48.116754, 35.666980, 55.945810, 19, 14.473152, 48.124545, 35.916651, 56.812059
26, 14.052082, 48.083150, 4.339635, 52.209636, 26, 14.052082, 48.083150, 4.339635, 52.209636
26, 14.052082, 48.083150, 4.339635, 52.209636, 26, 14.052082, 48.083150, 4.339635, 52.209636
46, 14.328669, 47.678071, 25.081523, 7.171831, 48, 14.207876, 47.574482, 16.022996, -4.345533
50, 15.736977, 48.268875, 130.693752, 72.859026, 36, 15.884820, 48.329118, 141.780823, 79.557067
50, 15.736977, 48.268875, 130.693752, 72.859026, 50, 15.736977, 48.268875, 130.693752, 72.859026
50, 15.736977, 48.268875, 130.693752, 72.859026, 50, 15.736977, 48.268875, 130.693752, 72.859026
62, 15.855981, 48.372649, 139.618148, 84.396918, 38, 15.884408, 48.345844, 141.749936, 81.416730
38, 15.884408, 48.345844, 141.749936, 81.416730, 36, 15.884820, 48.329118, 141.780823, 79.557067
38, 15.884408, 48.345844, 141.749936, 81.416730, 36, 15.884820, 48.329118, 141.780823, 79.557067
982658946, 15.709414, 48.332251, 128.626723, 79.905373, 50, 15.736977, 48.268875, 130.693752, 72.859026
417522774, 16.853524, 47.976452, 214.426136, 40.346633, 6, 16.420413, 48.123796, 181.946212, 56.728762
1015961176, 14.836261, 46.563740, 63.147052, -116.722616, 40, 14.702600, 46.630530, 53.123515, -109.296712
40, 14.702600, 46.630530, 53.123515, -109.296712, 29, 14.681935, 46.668794, 51.573772, -105.042430
10, 15.692377, 48.226748, 127.349108, 68.175219, 330839349, 15.734383, 48.255201, 130.499213, 71.338785
50, 15.736977, 48.268875, 130.693752, 72.859026, 50, 15.736977, 48.268875, 130.693752, 72.859026
50, 15.736977, 48.268875, 130.693752, 72.859026, 50, 15.736977, 48.268875, 130.693752, 72.859026
10, 15.692377, 48.226748, 127.349108, 68.175219, 10, 15.692377, 48.226748, 127.349108, 68.175219
4, 16.378561, 48.357861, 178.807581, 82.752757, 4, 16.378561, 48.357861, 178.807581, 82.752757
6, 16.420413, 48.123796, 181.946212, 56.728762, 6, 16.420413, 48.123796, 181.946212, 56.728762
5, 16.428141, 48.139724, 182.525760, 58.499720, 5, 16.428141, 48.139724, 182.525760, 58.499720
4, 16.378561, 48.357861, 178.807581, 82.752757, 4, 16.378561, 48.357861, 178.807581, 82.752757
4, 16.378561, 48.357861, 178.807581, 82.752757, 4, 16.378561, 48.357861, 178.807581, 82.752757
63, 9.714015, 47.191183, -320.981830, -46.961674, 63, 9.714015, 47.191183, -320.981830, -46.961674
63, 9.714015, 47.191183, -320.981830, -46.961674, 363416935, 9.684560, 47.203654, -323.190799, -45.575130
363370503, 9.728132, 47.178984, -319.923228, -48.318087, 63, 9.714015, 47.191183, -320.981830, -46.961674
33, 9.592386, 47.311986, -330.103066, -33.530462, 33, 9.592386, 47.311986, -330.103066, -33.530462
4, 16.378561, 48.357861, 178.807581, 82.752757, 4, 16.378561, 48.357861, 178.807581, 82.752757
22, 11.391927, 47.237120, -195.151459, -41.854368, 22, 11.391927, 47.237120, -195.151459, -41.854368
2, 11.105267, 47.294059, -216.648723, -35.523688, 2, 11.105267, 47.294059, -216.648723, -35.523688
13, 10.872783, 47.244415, -234.083213, -41.043210, 13, 10.872783, 47.244415, -234.083213, -41.043210
13, 10.872783, 47.244415, -234.083213, -41.043210, 13, 10.872783, 47.244415, -234.083213, -41.043210
34, 9.715141, 47.431901, -320.897402, -20.197990, 34, 9.715141, 47.431901, -320.897402, -20.197990
7, 16.341149, 48.136159, 176.001975, 58.103316, 7, 16.341149, 48.136159, 176.001975, 58.103316
7, 16.341149, 48.136159, 176.001975, 58.103316, 7, 16.341149, 48.136159, 176.001975, 58.103316
36, 15.884820, 48.329118, 141.780823, 79.557067, 36, 15.884820, 48.329118, 141.780823, 79.557067
36, 15.884820, 48.329118, 141.780823, 79.557067, 36, 15.884820, 48.329118, 141.780823, 79.557067
36, 15.884820, 48.329118, 141.780823, 79.557067, 36, 15.884820, 48.329118, 141.780823, 79.557067
36, 15.884820, 48.329118, 141.780823, 79.557067, 36, 15.884820, 48.329118, 141.780823, 79.557067
36, 15.884820, 48.329118, 141.780823, 79.557067, 36, 15.884820, 48.329118, 141.780823, 79.557067
36, 15.884820, 48.329118, 141.780823, 79.557067, 4, 16.378561, 48.357861, 178.807581, 82.752757
637747763, 16.374177, 47.983574, 178.478858, 41.138544, 6, 16.420413, 48.123796, 181.946212, 56.728762
637747763, 16.374177, 47.983574, 178.478858, 41.138544, 6, 16.420413, 48.123796, 181.946212, 56.728762
1057547914, 13.052545, 48.269893, -70.617908, 72.972271, 17, 13.082567, 48.256954, -68.366502, 71.533684
1430643592, 13.058825, 48.267981, -70.146956, 72.759678, 17, 13.082567, 48.256954, -68.366502, 71.533684
50, 15.736977, 48.268875, 130.693752, 72.859026, 50, 15.736977, 48.268875, 130.693752, 72.859026
50, 15.736977, 48.268875, 130.693752, 72.859026, 50, 15.736977, 48.268875, 130.693752, 72.859026
28, 16.995119, 47.936971, 225.044678, 35.957007, 417522774, 16.853524, 47.976452, 214.426136, 40.346633
11, 15.046286, 48.147571, 78.897249, 59.372108, 11, 15.046286, 48.147571, 78.897249, 59.372108
11, 15.046286, 48.147571, 78.897249, 59.372108, 11, 15.046286, 48.147571, 78.897249, 59.372108
11, 15.046286, 48.147571, 78.897249, 59.372108, 11, 15.046286, 48.147571, 78.897249, 59.372108
11, 15.046286, 48.147571, 78.897249, 59.372108, 11, 15.046286, 48.147571, 78.897249, 59.372108
11, 15.046286, 48.147571, 78.897249, 59.372108, 11, 15.046286, 48.147571, 78.897249, 59.372108
11, 15.046286, 48.147571, 78.897249, 59.372108, 11, 15.046286, 48.147571, 78.897249, 59.372108
11, 15.046286, 48.147571, 78.897249, 59.372108, 11, 15.046286, 48.147571, 78.897249, 59.372108
278220864, 16.646915, 48.119531, 198.932124, 56.254586, 278220880, 16.682211, 48.075740, 201.579022, 51.385726
278220880, 16.682211, 48.075740, 201.579022, 51.385726, 8, 16.694821, 48.031894, 202.524691, 46.510887
772476710, 14.024990, 46.560810, 2.307926, -117.048348, 986535827, 14.172158, 46.548464, 13.344449, -118.420989
986535827, 14.172158, 46.548464, 13.344449, -118.420989, 29, 14.681935, 46.668794, 51.573772, -105.042430
346153683, 9.752904, 47.648081, -318.065482, 3.837471, 34, 9.715141, 47.431901, -320.897402, -20.197990
1018017347, 14.808445, 46.777242, 61.061022, -92.984885, 1029569408, 14.783600, 47.144531, 59.197839, -52.148578
1018017347, 14.808445, 46.777242, 61.061022, -92.984885, 29, 14.681935, 46.668794, 51.573772, -105.042430
51, 13.444269, 48.434737, -41.241621, 91.300036, 51, 13.444269, 48.434737, -41.241621, 91.300036
1110941628, 13.711267, 48.519926, -21.218808, 100.771609, 51, 13.444269, 48.434737, -41.241621, 91.300036
962063040, 13.212633, 47.330377, -58.612529, -31.485794, 20, 12.739205, 47.277703, -94.115967, -37.342216
962062799, 13.229270, 47.334886, -57.364898, -30.984393, 962063040, 13.212633, 47.330377, -58.612529, -31.485794
7, 16.341149, 48.136159, 176.001975, 58.103316, 64, 16.330886, 48.164888, 175.232360, 61.297486
64, 16.330886, 48.164888, 175.232360, 61.297486, 65, 16.311876, 48.204790, 173.806731, 65.733945
65, 16.311876, 48.204790, 173.806731, 65.733945, 1479371931, 16.429835, 48.182662, 182.652786, 63.273620
8, 16.694821, 48.031894, 202.524691, 46.510887, 8, 16.694821, 48.031894, 202.524691, 46.510887
36, 15.884820, 48.329118, 141.780823, 79.557067, 36, 15.884820, 48.329118, 141.780823, 79.557067
36, 15.884820, 48.329118, 141.780823, 79.557067, 36, 15.884820, 48.329118, 141.780823, 79.557067
36, 15.884820, 48.329118, 141.780823, 79.557067, 36, 15.884820, 48.329118, 141.780823, 79.557067
25, 14.027725, 46.568311, 2.513031, -116.214374, 25, 14.027725, 46.568311, 2.513031, -116.214374
25, 14.027725, 46.568311, 2.513031, -116.214374, 25, 14.027725, 46.568311, 2.513031, -116.214374
52, 12.806076, 46.824739, -89.101138, -87.703992, 66, 13.680318, 46.543853, -23.539766, -118.933704
52, 12.806076, 46.824739, -89.101138, -87.703992, 37, 13.328864, 46.871350, -49.896139, -82.521615
61, 9.643681, 47.222382, -326.256370, -43.492938, 919837721, 9.612982, 47.278877, -328.558521, -37.211696
61, 9.643681, 47.222382, -326.256370, -43.492938, 61, 9.643681, 47.222382, -326.256370, -43.492938
919837721, 9.612982, 47.278877, -328.558521, -37.211696, 33, 9.592386, 47.311986, -330.103066, -33.530462
4, 16.378561, 48.357861, 178.807581, 82.752757, 4, 16.378561, 48.357861, 178.807581, 82.752757
47, 14.695812, 48.163442, 52.614453, 61.136728, 47, 14.695812, 48.163442, 52.614453, 61.136728
47, 14.695812, 48.163442, 52.614453, 61.136728, 47, 14.695812, 48.163442, 52.614453, 61.136728
67, 13.827889, 46.552449, -12.473114, -117.977986, 772476710, 14.024990, 46.560810, 2.307926, -117.048348
66, 13.680318, 46.543853, -23.539766, -118.933704, 66, 13.680318, 46.543853, -23.539766, -118.933704
66, 13.680318, 46.543853, -23.539766, -118.933704, 66, 13.680318, 46.543853, -23.539766, -118.933704
51, 13.444269, 48.434737, -41.241621, 91.300036, 51, 13.444269, 48.434737, -41.241621, 91.300036
51, 13.444269, 48.434737, -41.241621, 91.300036, 51, 13.444269, 48.434737, -41.241621, 91.300036
43, 11.850525, 47.162452, -160.760120, -50.156094, 43, 11.850525, 47.162452, -160.760120, -50.156094
43, 11.850525, 47.162452, -160.760120, -50.156094, 43, 11.850525, 47.162452, -160.760120, -50.156094
1030854455, 15.650363, 46.692927, 124.198369, -102.359193, 30, 15.423199, 46.902090, 107.162861, -79.103897
24, 15.705501, 48.393008, 128.333337, 86.660534, 24, 15.705501, 48.393008, 128.333337, 86.660534
24, 15.705501, 48.393008, 128.333337, 86.660534, 24, 15.705501, 48.393008, 128.333337, 86.660534
24, 15.705501, 48.393008, 128.333337, 86.660534, 24, 15.705501, 48.393008, 128.333337, 86.660534
28, 16.995119, 47.936971, 225.044678, 35.957007, 970604581, 17.099824, 47.909809, 232.896763, 32.937136
28, 16.995119, 47.936971, 225.044678, 35.957007, 28, 16.995119, 47.936971, 225.044678, 35.957007
18, 14.469823, 48.116754, 35.666980, 55.945810, 18, 14.469823, 48.116754, 35.666980, 55.945810
17, 13.082567, 48.256954, -68.366502, 71.533684, 17, 13.082567, 48.256954, -68.366502, 71.533684
17, 13.082567, 48.256954, -68.366502, 71.533684, 17, 13.082567, 48.256954, -68.366502, 71.533684
4, 16.378561, 48.357861, 178.807581, 82.752757, 4, 16.378561, 48.357861, 178.807581, 82.752757
4, 16.378561, 48.357861, 178.807581, 82.752757, 248720081, 16.416617, 48.353565, 181.661516, 82.275155
248720081, 16.416617, 48.353565, 181.661516, 82.275155, 5, 16.428141, 48.139724, 182.525760, 58.499720
36, 15.884820, 48.329118, 141.780823, 79.557067, 36, 15.884820, 48.329118, 141.780823, 79.557067
36, 15.884820, 48.329118, 141.780823, 79.557067, 36, 15.884820, 48.329118, 141.780823, 79.557067
4, 16.378561, 48.357861, 178.807581, 82.752757, 4, 16.378561, 48.357861, 178.807581, 82.752757
55, 9.873800, 47.086721, -308.999238, -58.576064, 15, 9.812639, 47.143116, -313.585850, -52.305987
36, 15.884820, 48.329118, 141.780823, 79.557067, 36, 15.884820, 48.329118, 141.780823, 79.557067
36, 15.884820, 48.329118, 141.780823, 79.557067, 36, 15.884820, 48.329118, 141.780823, 79.557067
36, 15.884820, 48.329118, 141.780823, 79.557067, 36, 15.884820, 48.329118, 141.780823, 79.557067
36, 15.884820, 48.329118, 141.780823, 79.557067, 36, 15.884820, 48.329118, 141.780823, 79.557067
36, 15.884820, 48.329118, 141.780823, 79.557067, 36, 15.884820, 48.329118, 141.780823, 79.557067
36, 15.884820, 48.329118, 141.780823, 79.557067, 36, 15.884820, 48.329118, 141.780823, 79.557067
36, 15.884820, 48.329118, 141.780823, 79.557067, 36, 15.884820, 48.329118, 141.780823, 79.557067
36, 15.884820, 48.329118, 141.780823, 79.557067, 36, 15.884820, 48.329118, 141.780823, 79.557067
36, 15.884820, 48.329118, 141.780823, 79.557067, 36, 15.884820, 48.329118, 141.780823, 79.557067
36, 15.884820, 48.329118, 141.780823, 79.557067, 36, 15.884820, 48.329118, 141.780823, 79.557067
34, 9.715141, 47.431901, -320.897402, -20.197990, 15, 9.812639, 47.143116, -313.585850, -52.305987
1476463008, 12.721197, 47.200483, -95.466411, -45.927768, 59, 12.721456, 47.200346, -95.447033, -45.942967
60, 12.583780, 47.278295, -105.771653, -37.276369, 60, 12.583780, 47.278295, -105.771653, -37.276369
60, 12.583780, 47.278295, -105.771653, -37.276369, 60, 12.583780, 47.278295, -105.771653, -37.276369
60, 12.583780, 47.278295, -105.771653, -37.276369, 1098087365, 12.458102, 47.275099, -115.196504, -37.631711
8, 16.694821, 48.031894, 202.524691, 46.510887, 8, 16.694821, 48.031894, 202.524691, 46.510887
8, 16.694821, 48.031894, 202.524691, 46.510887, 8, 16.694821, 48.031894, 202.524691, 46.510887
8, 16.694821, 48.031894, 202.524691, 46.510887, 8, 16.694821, 48.031894, 202.524691, 46.510887
8, 16.694821, 48.031894, 202.524691, 46.510887, 6, 16.420413, 48.123796, 181.946212, 56.728762
34, 9.715141, 47.431901, -320.897402, -20.197990, 34, 9.715141, 47.431901, -320.897402, -20.197990
5349225241, 16.424783, 48.154379, 182.273932, 60.129027, 5, 16.428141, 48.139724, 182.525760, 58.499720
37, 13.328864, 46.871350, -49.896139, -82.521615, 37, 13.328864, 46.871350, -49.896139, -82.521615
37, 13.328864, 46.871350, -49.896139, -82.521615, 37, 13.328864, 46.871350, -49.896139, -82.521615
68, 13.343271, 46.895428, -48.815715, -79.844527, 68, 13.343271, 46.895428, -48.815715, -79.844527
68, 13.343271, 46.895428, -48.815715, -79.844527, 68, 13.343271, 46.895428, -48.815715, -79.844527
69, 13.338069, 46.878826, -49.205843, -81.690394, 69, 13.338069, 46.878826, -49.205843, -81.690394
37, 13.328864, 46.871350, -49.896139, -82.521615, 69, 13.338069, 46.878826, -49.205843, -81.690394
69, 13.338069, 46.878826, -49.205843, -81.690394, 5653873984, 13.338540, 46.888853, -49.170514, -80.575598
37, 13.328864, 46.871350, -49.896139, -82.521615, 37, 13.328864, 46.871350, -49.896139, -82.521615
5653873984, 13.338540, 46.888853, -49.170514, -80.575598, 68, 13.343271, 46.895428, -48.815715, -79.844527
37, 13.328864, 46.871350, -49.896139, -82.521615, 37, 13.328864, 46.871350, -49.896139, -82.521615
52, 12.806076, 46.824739, -89.101138, -87.703992, 52, 12.806076, 46.824739, -89.101138, -87.703992
52, 12.806076, 46.824739, -89.101138, -87.703992, 52, 12.806076, 46.824739, -89.101138, -87.703992
52, 12.806076, 46.824739, -89.101138, -87.703992, 52, 12.806076, 46.824739, -89.101138, -87.703992
52, 12.806076, 46.824739, -89.101138, -87.703992, 52, 12.806076, 46.824739, -89.101138, -87.703992
52, 12.806076, 46.824739, -89.101138, -87.703992, 52, 12.806076, 46.824739, -89.101138, -87.703992
52, 12.806076, 46.824739, -89.101138, -87.703992, 52, 12.806076, 46.824739, -89.101138, -87.703992
52, 12.806076, 46.824739, -89.101138, -87.703992, 52, 12.806076, 46.824739, -89.101138, -87.703992
25, 14.027725, 46.568311, 2.513031, -116.214374, 25, 14.027725, 46.568311, 2.513031, -116.214374
25, 14.027725, 46.568311, 2.513031, -116.214374, 25, 14.027725, 46.568311, 2.513031, -116.214374
39, 14.173037, 46.535791, 13.410363, -119.830049, 39, 14.173037, 46.535791, 13.410363, -119.830049
39, 14.173037, 46.535791, 13.410363, -119.830049, 39, 14.173037, 46.535791, 13.410363, -119.830049
39, 14.173037, 46.535791, 13.410363, -119.830049, 39, 14.173037, 46.535791, 13.410363, -119.830049
39, 14.173037, 46.535791, 13.410363, -119.830049, 39, 14.173037, 46.535791, 13.410363, -119.830049
29, 14.681935, 46.668794, 51.573772, -105.042430, 29, 14.681935, 46.668794, 51.573772, -105.042430
29, 14.681935, 46.668794, 51.573772, -105.042430, 29, 14.681935, 46.668794, 51.573772, -105.042430
29, 14.681935, 46.668794, 51.573772, -105.042430, 29, 14.681935, 46.668794, 51.573772, -105.042430
29, 14.681935, 46.668794, 51.573772, -105.042430, 29, 14.681935, 46.668794, 51.573772, -105.042430
29, 14.681935, 46.668794, 51.573772, -105.042430, 29, 14.681935, 46.668794, 51.573772, -105.042430
29, 14.681935, 46.668794, 51.573772, -105.042430, 29, 14.681935, 46.668794, 51.573772, -105.042430
29, 14.681935, 46.668794, 51.573772, -105.042430, 29, 14.681935, 46.668794, 51.573772, -105.042430
29, 14.681935, 46.668794, 51.573772, -105.042430, 29, 14.681935, 46.668794, 51.573772, -105.042430
29, 14.681935, 46.668794, 51.573772, -105.042430, 29, 14.681935, 46.668794, 51.573772, -105.042430
29, 14.681935, 46.668794, 51.573772, -105.042430, 29, 14.681935, 46.668794, 51.573772, -105.042430
29, 14.681935, 46.668794, 51.573772, -105.042430, 29, 14.681935, 46.668794, 51.573772, -105.042430
29, 14.681935, 46.668794, 51.573772, -105.042430, 29, 14.681935, 46.668794, 51.573772, -105.042430
6, 16.420413, 48.123796, 181.946212, 56.728762, 6, 16.420413, 48.123796, 181.946212, 56.728762
42, 12.074142, 47.522099, -143.990576, -10.169541, 42, 12.074142, 47.522099, -143.990576, -10.169541
42, 12.074142, 47.522099, -143.990576, -10.169541, 42, 12.074142, 47.522099, -143.990576, -10.169541
70, 16.838649, 47.960891, 213.310690, 38.616572, 417522774, 16.853524, 47.976452, 214.426136, 40.346633
70, 16.838649, 47.960891, 213.310690, 38.616572, 70, 16.838649, 47.960891, 213.310690, 38.616572
9, 16.514880, 48.341075, 189.030515, 80.886478, 9, 16.514880, 48.341075, 189.030515, 80.886478
9, 16.514880, 48.341075, 189.030515, 80.886478, 9, 16.514880, 48.341075, 189.030515, 80.886478
9, 16.514880, 48.341075, 189.030515, 80.886478, 71, 16.801697, 48.605907, 210.539575, 110.331242
17, 13.082567, 48.256954, -68.366502, 71.533684, 17, 13.082567, 48.256954, -68.366502, 71.533684
17, 13.082567, 48.256954, -68.366502, 71.533684, 17, 13.082567, 48.256954, -68.366502, 71.533684
17, 13.082567, 48.256954, -68.366502, 71.533684, 17, 13.082567, 48.256954, -68.366502, 71.533684
17, 13.082567, 48.256954, -68.366502, 71.533684, 17, 13.082567, 48.256954, -68.366502, 71.533684
17, 13.082567, 48.256954, -68.366502, 71.533684, 17, 13.082567, 48.256954, -68.366502, 71.533684
17, 13.082567, 48.256954, -68.366502, 71.533684, 17, 13.082567, 48.256954, -68.366502, 71.533684
17, 13.082567, 48.256954, -68.366502, 71.533684, 17, 13.082567, 48.256954, -68.366502, 71.533684
17, 13.082567, 48.256954, -68.366502, 71.533684, 17, 13.082567, 48.256954, -68.366502, 71.533684
17, 13.082567, 48.256954, -68.366502, 71.533684, 17, 13.082567, 48.256954, -68.366502, 71.533684
17, 13.082567, 48.256954, -68.366502, 71.533684, 17, 13.082567, 48.256954, -68.366502, 71.533684
20, 12.739205, 47.277703, -94.115967, -37.342216, 20, 12.739205, 47.277703, -94.115967, -37.342216
20, 12.739205, 47.277703, -94.115967, -37.342216, 20, 12.739205, 47.277703, -94.115967, -37.342216
20, 12.739205, 47.277703, -94.115967, -37.342216, 20, 12.739205, 47.277703, -94.115967, -37.342216
20, 12.739205, 47.277703, -94.115967, -37.342216, 20, 12.739205, 47.277703, -94.115967, -37.342216
20, 12.739205, 47.277703, -94.115967, -37.342216, 20, 12.739205, 47.277703, -94.115967, -37.342216
20, 12.739205, 47.277703, -94.115967, -37.342216, 20, 12.739205, 47.277703, -94.115967, -37.342216
20, 12.739205, 47.277703, -94.115967, -37.342216, 20, 12.739205, 47.277703, -94.115967, -37.342216
20, 12.739205, 47.277703, -94.115967, -37.342216, 20, 12.739205, 47.277703, -94.115967, -37.342216
20, 12.739205, 47.277703, -94.115967, -37.342216, 20, 12.739205, 47.277703, -94.115967, -37.342216
20, 12.739205, 47.277703, -94.115967, -37.342216, 20, 12.739205, 47.277703, -94.115967, -37.342216
20, 12.739205, 47.277703, -94.115967, -37.342216, 20, 12.739205, 47.277703, -94.115967, -37.342216
20, 12.739205, 47.277703, -94.115967, -37.342216, 20, 12.739205, 47.277703, -94.115967, -37.342216
20, 12.739205, 47.277703, -94.115967, -37.342216, 20, 12.739205, 47.277703, -94.115967, -37.342216
20, 12.739205, 47.277703, -94.115967, -37.342216, 20, 12.739205, 47.277703, -94.115967, -37.342216
20, 12.739205, 47.277703, -94.115967, -37.342216, 20, 12.739205, 47.277703, -94.115967, -37.342216
20, 12.739205, 47.277703, -94.115967, -37.342216, 20, 12.739205, 47.277703, -94.115967, -37.342216
58, 12.741754, 47.259019, -93.924799, -39.419515, 58, 12.741754, 47.259019, -93.924799, -39.419515
58, 12.741754, 47.259019, -93.924799, -39.419515, 58, 12.741754, 47.259019, -93.924799, -39.419515
58, 12.741754, 47.259019, -93.924799, -39.419515, 58, 12.741754, 47.259019, -93.924799, -39.419515
21, 13.066326, 47.887553, -69.584421, 30.462574, 21, 13.066326, 47.887553, -69.584421, 30.462574
21, 13.066326, 47.887553, -69.584421, 30.462574, 21, 13.066326, 47.887553, -69.584421, 30.462574
21, 13.066326, 47.887553, -69.584421, 30.462574, 21, 13.066326, 47.887553, -69.584421, 30.462574
21, 13.066326, 47.887553, -69.584421, 30.462574, 21, 13.066326, 47.887553, -69.584421, 30.462574
21, 13.066326, 47.887553, -69.584421, 30.462574, 21, 13.066326, 47.887553, -69.584421, 30.462574
21, 13.066326, 47.887553, -69.584421, 30.462574, 21, 13.066326, 47.887553, -69.584421, 30.462574
43, 11.850525, 47.162452, -160.760120, -50.156094, 43, 11.850525, 47.162452, -160.760120, -50.156094
43, 11.850525, 47.162452, -160.760120, -50.156094, 43, 11.850525, 47.162452, -160.760120, -50.156094
3, 11.897572, 47.234257, -157.231966, -42.172611, 3, 11.897572, 47.234257, -157.231966, -42.172611
3, 11.897572, 47.234257, -157.231966, -42.172611, 3, 11.897572, 47.234257, -157.231966, -42.172611
3, 11.897572, 47.234257, -157.231966, -42.172611, 3, 11.897572, 47.234257, -157.231966, -42.172611
3, 11.897572, 47.234257, -157.231966, -42.172611, 3, 11.897572, 47.234257, -157.231966, -42.172611
3, 11.897572, 47.234257, -157.231966, -42.172611, 3, 11.897572, 47.234257, -157.231966, -42.172611
3, 11.897572, 47.234257, -157.231966, -42.172611, 3, 11.897572, 47.234257, -157.231966, -42.172611
3, 11.897572, 47.234257, -157.231966, -42.172611, 3, 11.897572, 47.234257, -157.231966, -42.172611
3, 11.897572, 47.234257, -157.231966, -42.172611, 3, 11.897572, 47.234257, -157.231966, -42.172611
3, 11.897572, 47.234257, -157.231966, -42.172611, 3, 11.897572, 47.234257, -157.231966, -42.172611
3, 11.897572, 47.234257, -157.231966, -42.172611, 3, 11.897572, 47.234257, -157.231966, -42.172611
3, 11.897572, 47.234257, -157.231966, -42.172611, 3, 11.897572, 47.234257, -157.231966, -42.172611
3, 11.897572, 47.234257, -157.231966, -42.172611, 3, 11.897572, 47.234257, -157.231966, -42.172611
58, 12.741754, 47.259019, -93.924799, -39.419515, 58, 12.741754, 47.259019, -93.924799, -39.419515
30, 15.423199, 46.902090, 107.162861, -79.103897, 30, 15.423199, 46.902090, 107.162861, -79.103897
30, 15.423199, 46.902090, 107.162861, -79.103897, 30, 15.423199, 46.902090, 107.162861, -79.103897
30, 15.423199, 46.902090, 107.162861, -79.103897, 30, 15.423199, 46.902090, 107.162861, -79.103897
30, 15.423199, 46.902090, 107.162861, -79.103897, 30, 15.423199, 46.902090, 107.162861, -79.103897
6, 16.420413, 48.123796, 181.946212, 56.728762, 6, 16.420413, 48.123796, 181.946212, 56.728762
6, 16.420413, 48.123796, 181.946212, 56.728762, 6, 16.420413, 48.123796, 181.946212, 56.728762
6, 16.420413, 48.123796, 181.946212, 56.728762, 6, 16.420413, 48.123796, 181.946212, 56.728762
6, 16.420413, 48.123796, 181.946212, 56.728762, 6, 16.420413, 48.123796, 181.946212, 56.728762
6, 16.420413, 48.123796, 181.946212, 56.728762, 6, 16.420413, 48.123796, 181.946212, 56.728762
6, 16.420413, 48.123796, 181.946212, 56.728762, 6, 16.420413, 48.123796, 181.946212, 56.728762
6, 16.420413, 48.123796, 181.946212, 56.728762, 6, 16.420413, 48.123796, 181.946212, 56.728762
6, 16.420413, 48.123796, 181.946212, 56.728762, 6, 16.420413, 48.123796, 181.946212, 56.728762
6, 16.420413, 48.123796, 181.946212, 56.728762, 6, 16.420413, 48.123796, 181.946212, 56.728762
6, 16.420413, 48.123796, 181.946212, 56.728762, 6, 16.420413, 48.123796, 181.946212, 56.728762
6, 16.420413, 48.123796, 181.946212, 56.728762, 6, 16.420413, 48.123796, 181.946212, 56.728762
6, 16.420413, 48.123796, 181.946212, 56.728762, 6, 16.420413, 48.123796, 181.946212, 56.728762
6, 16.420413, 48.123796, 181.946212, 56.728762, 6, 16.420413, 48.123796, 181.946212, 56.728762
6, 16.420413, 48.123796, 181.946212, 56.728762, 6, 16.420413, 48.123796, 181.946212, 56.728762
6, 16.420413, 48.123796, 181.946212, 56.728762, 6, 16.420413, 48.123796, 181.946212, 56.728762
6, 16.420413, 48.123796, 181.946212, 56.728762, 6, 16.420413, 48.123796, 181.946212, 56.728762
6, 16.420413, 48.123796, 181.946212, 56.728762, 6, 16.420413, 48.123796, 181.946212, 56.728762
6, 16.420413, 48.123796, 181.946212, 56.728762, 6, 16.420413, 48.123796, 181.946212, 56.728762
6, 16.420413, 48.123796, 181.946212, 56.728762, 6, 16.420413, 48.123796, 181.946212, 56.728762
6, 16.420413, 48.123796, 181.946212, 56.728762, 6, 16.420413, 48.123796, 181.946212, 56.728762
6, 16.420413, 48.123796, 181.946212, 56.728762, 6, 16.420413, 48.123796, 181.946212, 56.728762
8, 16.694821, 48.031894, 202.524691, 46.510887, 8, 16.694821, 48.031894, 202.524691, 46.510887
8, 16.694821, 48.031894, 202.524691, 46.510887, 8, 16.694821, 48.031894, 202.524691, 46.510887
8, 16.694821, 48.031894, 202.524691, 46.510887, 8, 16.694821, 48.031894, 202.524691, 46.510887
8, 16.694821, 48.031894, 202.524691, 46.510887, 8, 16.694821, 48.031894, 202.524691, 46.510887
8, 16.694821, 48.031894, 202.524691, 46.510887, 8, 16.694821, 48.031894, 202.524691, 46.510887
8, 16.694821, 48.031894, 202.524691, 46.510887, 8, 16.694821, 48.031894, 202.524691, 46.510887
4, 16.378561, 48.357861, 178.807581, 82.752757, 4, 16.378561, 48.357861, 178.807581, 82.752757
4, 16.378561, 48.357861, 178.807581, 82.752757, 4, 16.378561, 48.357861, 178.807581, 82.752757
4, 16.378561, 48.357861, 178.807581, 82.752757, 4, 16.378561, 48.357861, 178.807581, 82.752757
4, 16.378561, 48.357861, 178.807581, 82.752757, 4, 16.378561, 48.357861, 178.807581, 82.752757
4, 16.378561, 48.357861, 178.807581, 82.752757, 4, 16.378561, 48.357861, 178.807581, 82.752757
4, 16.378561, 48.357861, 178.807581, 82.752757, 4, 16.378561, 48.357861, 178.807581, 82.752757
4, 16.378561, 48.357861, 178.807581, 82.752757, 4, 16.378561, 48.357861, 178.807581, 82.752757
4, 16.378561, 48.357861, 178.807581, 82.752757, 4, 16.378561, 48.357861, 178.807581, 82.752757
4, 16.378561, 48.357861, 178.807581, 82.752757, 4, 16.378561, 48.357861, 178.807581, 82.752757
4, 16.378561, 48.357861, 178.807581, 82.752757, 4, 16.378561, 48.357861, 178.807581, 82.752757
4, 16.378561, 48.357861, 178.807581, 82.752757, 4, 16.378561, 48.357861, 178.807581, 82.752757
4, 16.378561, 48.357861, 178.807581, 82.752757, 4, 16.378561, 48.357861, 178.807581, 82.752757
4, 16.378561, 48.357861, 178.807581, 82.752757, 4, 16.378561, 48.357861, 178.807581, 82.752757
4, 16.378561, 48.357861, 178.807581, 82.752757, 4, 16.378561, 48.357861, 178.807581, 82.752757
4, 16.378561, 48.357861, 178.807581, 82.752757, 4, 16.378561, 48.357861, 178.807581, 82.752757
4, 16.378561, 48.357861, 178.807581, 82.752757, 4, 16.378561, 48.357861, 178.807581, 82.752757
4, 16.378561, 48.357861, 178.807581, 82.752757, 4, 16.378561, 48.357861, 178.807581, 82.752757
4, 16.378561, 48.357861, 178.807581, 82.752757, 4, 16.378561, 48.357861, 178.807581, 82.752757
4, 16.378561, 48.357861, 178.807581, 82.752757, 4, 16.378561, 48.357861, 178.807581, 82.752757
4, 16.378561, 48.357861, 178.807581, 82.752757, 4, 16.378561, 48.357861, 178.807581, 82.752757
4, 16.378561, 48.357861, 178.807581, 82.752757, 4, 16.378561, 48.357861, 178.807581, 82.752757
4, 16.378561, 48.357861, 178.807581, 82.752757, 4, 16.378561, 48.357861, 178.807581, 82.752757
4, 16.378561, 48.357861, 178.807581, 82.752757, 4, 16.378561, 48.357861, 178.807581, 82.752757
4, 16.378561, 48.357861, 178.807581, 82.752757, 4, 16.378561, 48.357861, 178.807581, 82.752757
4, 16.378561, 48.357861, 178.807581, 82.752757, 4, 16.378561, 48.357861, 178.807581, 82.752757
19, 14.473152, 48.124545, 35.916651, 56.812059, 19, 14.473152, 48.124545, 35.916651, 56.812059
18, 14.469823, 48.116754, 35.666980, 55.945810, 18, 14.469823, 48.116754, 35.666980, 55.945810
18, 14.469823, 48.116754, 35.666980, 55.945810, 18, 14.469823, 48.116754, 35.666980, 55.945810
18, 14.469823, 48.116754, 35.666980, 55.945810, 18, 14.469823, 48.116754, 35.666980, 55.945810
18, 14.469823, 48.116754, 35.666980, 55.945810, 18, 14.469823, 48.116754, 35.666980, 55.945810
18, 14.469823, 48.116754, 35.666980, 55.945810, 18, 14.469823, 48.116754, 35.666980, 55.945810
18, 14.469823, 48.116754, 35.666980, 55.945810, 18, 14.469823, 48.116754, 35.666980, 55.945810
19, 14.473152, 48.124545, 35.916651, 56.812059, 19, 14.473152, 48.124545, 35.916651, 56.812059
19, 14.473152, 48.124545, 35.916651, 56.812059, 19, 14.473152, 48.124545, 35.916651, 56.812059
19, 14.473152, 48.124545, 35.916651, 56.812059, 19, 14.473152, 48.124545, 35.916651, 56.812059
19, 14.473152, 48.124545, 35.916651, 56.812059, 19, 14.473152, 48.124545, 35.916651, 56.812059
19, 14.473152, 48.124545, 35.916651, 56.812059, 19, 14.473152, 48.124545, 35.916651, 56.812059
19, 14.473152, 48.124545, 35.916651, 56.812059, 19, 14.473152, 48.124545, 35.916651, 56.812059
19, 14.473152, 48.124545, 35.916651, 56.812059, 19, 14.473152, 48.124545, 35.916651, 56.812059
19, 14.473152, 48.124545, 35.916651, 56.812059, 19, 14.473152, 48.124545, 35.916651, 56.812059
19, 14.473152, 48.124545, 35.916651, 56.812059, 19, 14.473152, 48.124545, 35.916651, 56.812059
19, 14.473152, 48.124545, 35.916651, 56.812059, 19, 14.473152, 48.124545, 35.916651, 56.812059
19, 14.473152, 48.124545, 35.916651, 56.812059, 19, 14.473152, 48.124545, 35.916651, 56.812059
19, 14.473152, 48.124545, 35.916651, 56.812059, 19, 14.473152, 48.124545, 35.916651, 56.812059
19, 14.473152, 48.124545, 35.916651, 56.812059, 19, 14.473152, 48.124545, 35.916651, 56.812059
19, 14.473152, 48.124545, 35.916651, 56.812059, 19, 14.473152, 48.124545, 35.916651, 56.812059
19, 14.473152, 48.124545, 35.916651, 56.812059, 19, 14.473152, 48.124545, 35.916651, 56.812059
19, 14.473152, 48.124545, 35.916651, 56.812059, 19, 14.473152, 48.124545, 35.916651, 56.812059
19, 14.473152, 48.124545, 35.916651, 56.812059, 19, 14.473152, 48.124545, 35.916651, 56.812059
19, 14.473152, 48.124545, 35.916651, 56.812059, 19, 14.473152, 48.124545, 35.916651, 56.812059
19, 14.473152, 48.124545, 35.916651, 56.812059, 19, 14.473152, 48.124545, 35.916651, 56.812059
52, 12.806076, 46.824739, -89.101138, -87.703992, 52, 12.806076, 46.824739, -89.101138, -87.703992
52, 12.806076, 46.824739, -89.101138, -87.703992, 52, 12.806076, 46.824739, -89.101138, -87.703992
52, 12.806076, 46.824739, -89.101138, -87.703992, 52, 12.806076, 46.824739, -89.101138, -87.703992
37, 13.328864, 46.871350, -49.896139, -82.521615, 37, 13.328864, 46.871350, -49.896139, -82.521615
37, 13.328864, 46.871350, -49.896139, -82.521615, 37, 13.328864, 46.871350, -49.896139, -82.521615
970593047, 17.108039, 47.921800, 233.512818, 34.270273, 28, 16.995119, 47.936971, 225.044678, 35.957007
28, 16.995119, 47.936971, 225.044678, 35.957007, 28, 16.995119, 47.936971, 225.044678, 35.957007
28, 16.995119, 47.936971, 225.044678, 35.957007, 28, 16.995119, 47.936971, 225.044678, 35.957007
17, 13.082567, 48.256954, -68.366502, 71.533684, 17, 13.082567, 48.256954, -68.366502, 71.533684
17, 13.082567, 48.256954, -68.366502, 71.533684, 17, 13.082567, 48.256954, -68.366502, 71.533684
17, 13.082567, 48.256954, -68.366502, 71.533684, 17, 13.082567, 48.256954, -68.366502, 71.533684
17, 13.082567, 48.256954, -68.366502, 71.533684, 17, 13.082567, 48.256954, -68.366502, 71.533684
17, 13.082567, 48.256954, -68.366502, 71.533684, 17, 13.082567, 48.256954, -68.366502, 71.533684
17, 13.082567, 48.256954, -68.366502, 71.533684, 17, 13.082567, 48.256954, -68.366502, 71.533684
17, 13.082567, 48.256954, -68.366502, 71.533684, 17, 13.082567, 48.256954, -68.366502, 71.533684
17, 13.082567, 48.256954, -68.366502, 71.533684, 17, 13.082567, 48.256954, -68.366502, 71.533684
17, 13.082567, 48.256954, -68.366502, 71.533684, 17, 13.082567, 48.256954, -68.366502, 71.533684
17, 13.082567, 48.256954, -68.366502, 71.533684, 17, 13.082567, 48.256954, -68.366502, 71.533684
17, 13.082567, 48.256954, -68.366502, 71.533684, 17, 13.082567, 48.256954, -68.366502, 71.533684
17, 13.082567, 48.256954, -68.366502, 71.533684, 17, 13.082567, 48.256954, -68.366502, 71.533684
17, 13.082567, 48.256954, -68.366502, 71.533684, 17, 13.082567, 48.256954, -68.366502, 71.533684
17, 13.082567, 48.256954, -68.366502, 71.533684, 17, 13.082567, 48.256954, -68.366502, 71.533684
17, 13.082567, 48.256954, -68.366502, 71.533684, 17, 13.082567, 48.256954, -68.366502, 71.533684
17, 13.082567, 48.256954, -68.366502, 71.533684, 17, 13.082567, 48.256954, -68.366502, 71.533684
17, 13.082567, 48.256954, -68.366502, 71.533684, 17, 13.082567, 48.256954, -68.366502, 71.533684
17, 13.082567, 48.256954, -68.366502, 71.533684, 17, 13.082567, 48.256954, -68.366502, 71.533684
17, 13.082567, 48.256954, -68.366502, 71.533684, 17, 13.082567, 48.256954, -68.366502, 71.533684
17, 13.082567, 48.256954, -68.366502, 71.533684, 17, 13.082567, 48.256954, -68.366502, 71.533684
17, 13.082567, 48.256954, -68.366502, 71.533684, 17, 13.082567, 48.256954, -68.366502, 71.533684
17, 13.082567, 48.256954, -68.366502, 71.533684, 17, 13.082567, 48.256954, -68.366502, 71.533684
17, 13.082567, 48.256954, -68.366502, 71.533684, 17, 13.082567, 48.256954, -68.366502, 71.533684
17, 13.082567, 48.256954, -68.366502, 71.533684, 17, 13.082567, 48.256954, -68.366502, 71.533684
17, 13.082567, 48.256954, -68.366502, 71.533684, 17, 13.082567, 48.256954, -68.366502, 71.533684
17, 13.082567, 48.256954, -68.366502, 71.533684, 17, 13.082567, 48.256954, -68.366502, 71.533684
67, 13.827889, 46.552449, -12.473114, -117.977986, 67, 13.827889, 46.552449, -12.473114, -117.977986
67, 13.827889, 46.552449, -12.473114, -117.977986, 67, 13.827889, 46.552449, -12.473114, -117.977986
67, 13.827889, 46.552449, -12.473114, -117.977986, 67, 13.827889, 46.552449, -12.473114, -117.977986
66, 13.680318, 46.543853, -23.539766, -118.933704, 67, 13.827889, 46.552449, -12.473114, -117.977986
67, 13.827889, 46.552449, -12.473114, -117.977986, 67, 13.827889, 46.552449, -12.473114, -117.977986
67, 13.827889, 46.552449, -12.473114, -117.977986, 67, 13.827889, 46.552449, -12.473114, -117.977986
71, 16.801697, 48.605907, 210.539575, 110.331242, 27, 16.806456, 48.711229, 210.896433, 122.041228
28, 16.995119, 47.936971, 225.044678, 35.957007, 28, 16.995119, 47.936971, 225.044678, 35.957007
28, 16.995119, 47.936971, 225.044678, 35.957007, 28, 16.995119, 47.936971, 225.044678, 35.957007
28, 16.995119, 47.936971, 225.044678, 35.957007, 28, 16.995119, 47.936971, 225.044678, 35.957007
29, 14.681935, 46.668794, 51.573772, -105.042430, 29, 14.681935, 46.668794, 51.573772, -105.042430
29, 14.681935, 46.668794, 51.573772, -105.042430, 29, 14.681935, 46.668794, 51.573772, -105.042430
29, 14.681935, 46.668794, 51.573772, -105.042430, 29, 14.681935, 46.668794, 51.573772, -105.042430
29, 14.681935, 46.668794, 51.573772, -105.042430, 29, 14.681935, 46.668794, 51.573772, -105.042430
29, 14.681935, 46.668794, 51.573772, -105.042430, 29, 14.681935, 46.668794, 51.573772, -105.042430
29, 14.681935, 46.668794, 51.573772, -105.042430, 29, 14.681935, 46.668794, 51.573772, -105.042430
29, 14.681935, 46.668794, 51.573772, -105.042430, 29, 14.681935, 46.668794, 51.573772, -105.042430
29, 14.681935, 46.668794, 51.573772, -105.042430, 29, 14.681935, 46.668794, 51.573772, -105.042430
29, 14.681935, 46.668794, 51.573772, -105.042430, 29, 14.681935, 46.668794, 51.573772, -105.042430
29, 14.681935, 46.668794, 51.573772, -105.042430, 29, 14.681935, 46.668794, 51.573772, -105.042430
29, 14.681935, 46.668794, 51.573772, -105.042430, 29, 14.681935, 46.668794, 51.573772, -105.042430
29, 14.681935, 46.668794, 51.573772, -105.042430, 29, 14.681935, 46.668794, 51.573772, -105.042430
29, 14.681935, 46.668794, 51.573772, -105.042430, 29, 14.681935, 46.668794, 51.573772, -105.042430
29, 14.681935, 46.668794, 51.573772, -105.042430, 29, 14.681935, 46.668794, 51.573772, -105.042430
15, 9.812639, 47.143116, -313.585850, -52.305987, 15, 9.812639, 47.143116, -313.585850, -52.305987
15, 9.812639, 47.143116, -313.585850, -52.305987, 15, 9.812639, 47.143116, -313.585850, -52.305987
15, 9.812639, 47.143116, -313.585850, -52.305987, 15, 9.812639, 47.143116, -313.585850, -52.305987
15, 9.812639, 47.143116, -313.585850, -52.305987, 15, 9.812639, 47.143116, -313.585850, -52.305987
15, 9.812639, 47.143116, -313.585850, -52.305987, 15, 9.812639, 47.143116, -313.585850, -52.305987
15, 9.812639, 47.143116, -313.585850, -52.305987, 15, 9.812639, 47.143116, -313.585850, -52.305987
15, 9.812639, 47.143116, -313.585850, -52.305987, 15, 9.812639, 47.143116, -313.585850, -52.305987
15, 9.812639, 47.143116, -313.585850, -52.305987, 15, 9.812639, 47.143116, -313.585850, -52.305987
15, 9.812639, 47.143116, -313.585850, -52.305987, 15, 9.812639, 47.143116, -313.585850, -52.305987
15, 9.812639, 47.143116, -313.585850, -52.305987, 15, 9.812639, 47.143116, -313.585850, -52.305987
19, 14.473152, 48.124545, 35.916651, 56.812059, 19, 14.473152, 48.124545, 35.916651, 56.812059
4, 16.378561, 48.357861, 178.807581, 82.752757, 9, 16.514880, 48.341075, 189.030515, 80.886478
9, 16.514880, 48.341075, 189.030515, 80.886478, 9, 16.514880, 48.341075, 189.030515, 80.886478
9, 16.514880, 48.341075, 189.030515, 80.886478, 9, 16.514880, 48.341075, 189.030515, 80.886478
9, 16.514880, 48.341075, 189.030515, 80.886478, 9, 16.514880, 48.341075, 189.030515, 80.886478
9, 16.514880, 48.341075, 189.030515, 80.886478, 9, 16.514880, 48.341075, 189.030515, 80.886478
41, 11.838888, 47.392873, -161.632769, -24.537268, 41, 11.838888, 47.392873, -161.632769, -24.537268
41, 11.838888, 47.392873, -161.632769, -24.537268, 41, 11.838888, 47.392873, -161.632769, -24.537268
41, 11.838888, 47.392873, -161.632769, -24.537268, 41, 11.838888, 47.392873, -161.632769, -24.537268
41, 11.838888, 47.392873, -161.632769, -24.537268, 41, 11.838888, 47.392873, -161.632769, -24.537268
41, 11.838888, 47.392873, -161.632769, -24.537268, 41, 11.838888, 47.392873, -161.632769, -24.537268
41, 11.838888, 47.392873, -161.632769, -24.537268, 41, 11.838888, 47.392873, -161.632769, -24.537268
6, 16.420413, 48.123796, 181.946212, 56.728762, 5, 16.428141, 48.139724, 182.525760, 58.499720
11, 15.046286, 48.147571, 78.897249, 59.372108, 9416426999, 15.005224, 48.150148, 75.817920, 59.658624
23, 16.063459, 47.705699, 155.177366, 10.243620, 23, 16.063459, 47.705699, 155.177366, 10.243620
23, 16.063459, 47.705699, 155.177366, 10.243620, 23, 16.063459, 47.705699, 155.177366, 10.243620
23, 16.063459, 47.705699, 155.177366, 10.243620, 23, 16.063459, 47.705699, 155.177366, 10.243620
23, 16.063459, 47.705699, 155.177366, 10.243620, 23, 16.063459, 47.705699, 155.177366, 10.243620
31, 15.019454, 47.396278, 76.885097, -24.158738, 31, 15.019454, 47.396278, 76.885097, -24.158738
31, 15.019454, 47.396278, 76.885097, -24.158738, 31, 15.019454, 47.396278, 76.885097, -24.158738
31, 15.019454, 47.396278, 76.885097, -24.158738, 48, 14.207876, 47.574482, 16.022996, -4.345533
31, 15.019454, 47.396278, 76.885097, -24.158738, 31, 15.019454, 47.396278, 76.885097, -24.158738
31, 15.019454, 47.396278, 76.885097, -24.158738, 23, 16.063459, 47.705699, 155.177366, 10.243620
70, 16.838649, 47.960891, 213.310690, 38.616572, 70, 16.838649, 47.960891, 213.310690, 38.616572
62, 15.855981, 48.372649, 139.618148, 84.396918, 62, 15.855981, 48.372649, 139.618148, 84.396918
62, 15.855981, 48.372649, 139.618148, 84.396918, 62, 15.855981, 48.372649, 139.618148, 84.396918
62, 15.855981, 48.372649, 139.618148, 84.396918, 62, 15.855981, 48.372649, 139.618148, 84.396918
45, 15.490875, 46.910589, 112.238019, -78.158901, 45, 15.490875, 46.910589, 112.238019, -78.158901
45, 15.490875, 46.910589, 112.238019, -78.158901, 45, 15.490875, 46.910589, 112.238019, -78.158901
58, 12.741754, 47.259019, -93.924799, -39.419515, 58, 12.741754, 47.259019, -93.924799, -39.419515
58, 12.741754, 47.259019, -93.924799, -39.419515, 58, 12.741754, 47.259019, -93.924799, -39.419515
13, 10.872783, 47.244415, -234.083213, -41.043210, 13, 10.872783, 47.244415, -234.083213, -41.043210
13, 10.872783, 47.244415, -234.083213, -41.043210, 13, 10.872783, 47.244415, -234.083213, -41.043210
13, 10.872783, 47.244415, -234.083213, -41.043210, 13, 10.872783, 47.244415, -234.083213, -41.043210
13, 10.872783, 47.244415, -234.083213, -41.043210, 13, 10.872783, 47.244415, -234.083213, -41.043210
13, 10.872783, 47.244415, -234.083213, -41.043210, 13, 10.872783, 47.244415, -234.083213, -41.043210
13, 10.872783, 47.244415, -234.083213, -41.043210, 13, 10.872783, 47.244415, -234.083213, -41.043210
13, 10.872783, 47.244415, -234.083213, -41.043210, 13, 10.872783, 47.244415, -234.083213, -41.043210
13, 10.872783, 47.244415, -234.083213, -41.043210, 13, 10.872783, 47.244415, -234.083213, -41.043210
13, 10.872783, 47.244415, -234.083213, -41.043210, 13, 10.872783, 47.244415, -234.083213, -41.043210
13, 10.872783, 47.244415, -234.083213, -41.043210, 13, 10.872783, 47.244415, -234.083213, -41.043210
13, 10.872783, 47.244415, -234.083213, -41.043210, 13, 10.872783, 47.244415, -234.083213, -41.043210
13, 10.872783, 47.244415, -234.083213, -41.043210, 13, 10.872783, 47.244415, -234.083213, -41.043210
13, 10.872783, 47.244415, -234.083213, -41.043210, 13, 10.872783, 47.244415, -234.083213, -41.043210
13, 10.872783, 47.244415, -234.083213, -41.043210, 13, 10.872783, 47.244415, -234.083213, -41.043210
44, 15.485788, 46.914965, 111.856539, -77.672376, 44, 15.485788, 46.914965, 111.856539, -77.672376
1177464701, 10.053735, 46.969112, -295.505495, -71.652147, 54, 10.042948, 46.974087, -296.314428, -71.099067
54, 10.042948, 46.974087, -296.314428, -71.099067, 54, 10.042948, 46.974087, -296.314428, -71.099067
54, 10.042948, 46.974087, -296.314428, -71.099067, 54, 10.042948, 46.974087, -296.314428, -71.099067
14, 9.671056, 47.199400, -324.203485, -46.048093, 14, 9.671056, 47.199400, -324.203485, -46.048093
14, 9.671056, 47.199400, -324.203485, -46.048093, 14, 9.671056, 47.199400, -324.203485, -46.048093
12, 15.064714, 48.188577, 80.279219, 63.931347, 12, 15.064714, 48.188577, 80.279219, 63.931347
12, 15.064714, 48.188577, 80.279219, 63.931347, 12, 15.064714, 48.188577, 80.279219, 63.931347
12, 15.064714, 48.188577, 80.279219, 63.931347, 12, 15.064714, 48.188577, 80.279219, 63.931347
5, 16.428141, 48.139724, 182.525760, 58.499720, 5, 16.428141, 48.139724, 182.525760, 58.499720
5, 16.428141, 48.139724, 182.525760, 58.499720, 5, 16.428141, 48.139724, 182.525760, 58.499720
