248719562, NaN, 16.420575, 48.337116, NaN, NaN, 181.958350, 80.446232, NaN, NaN
NaN, 313052954, NaN, NaN, 11.109090, 47.294206, NaN, NaN, -216.361999, -35.507330
1159579422, 1038357553, 10.876862, 47.242967, 11.897344, 47.235220, -233.777343, -41.204258, -157.249038, -42.065546
384707604, NaN, 16.377387, 48.356236, NaN, NaN, 178.719569, 82.572102, NaN, NaN
278338629, 278339198, 16.425223, 48.125905, 16.426717, 48.139969, 182.306877, 56.963209, 182.418945, 58.526917
278351576, 278351598, 16.415817, 48.124635, 16.341623, 48.136022, 181.601544, 56.822107, 176.037575, 58.088101
305186793, 278328808, 16.420039, 48.122654, 16.422362, 48.118971, 181.918102, 56.601765, 182.092354, 56.192301
278328754, 278328755, 16.695419, 48.030997, 16.691685, 48.030909, 202.569490, 46.411075, 202.289521, 46.401347
313053023, NaN, 11.102718, 47.293961, NaN, NaN, -216.839872, -35.534593, NaN, NaN
8625854829, 278220864, 16.516690, 48.337799, 16.646915, 48.119531, 189.166210, 80.522248, 198.932124, 56.254586
278220880, 278220864, 16.682211, 48.075740, 16.646915, 48.119531, 201.579022, 51.385726, 198.932124, 56.254586
NaN, 330839279, NaN, NaN, 15.693138, 48.227167, NaN, NaN, 127.406164, 68.221876
331278171, 332074978, 15.046091, 48.147841, 15.064155, 48.188071, 78.882614, 59.402148, 80.237304, 63.875030
281466866, 292861525, 10.658314, 47.559233, 10.872556, 47.247048, -250.166717, -6.040896, -234.100252, -40.750454
281466866, 292861525, 10.658314, 47.559233, 10.872556, 47.247048, -250.166717, -6.040896, -234.100252, -40.750454
363370526, 363416935, 9.671629, 47.199716, 9.684560, 47.203654, -324.160516, -46.013057, -323.190799, -45.575130
363686955, 363686897, 9.808284, 47.142845, 9.784150, 47.166683, -313.912394, -52.336032, -315.722303, -49.685713
313053023, NaN, 11.102718, 47.293961, NaN, NaN, -216.839872, -35.534593, NaN, NaN
NaN, 951632760, NaN, NaN, 13.700604, 48.174024, NaN, NaN, -22.018473, 62.313224
950529359, 308354798, 13.085833, 48.257778, 14.469494, 48.114237, -68.121558, 71.625292, 35.642345, 55.665995
372921675, 372921689, 14.471233, 48.124595, 14.469075, 48.108309, 35.772719, 56.817615, 35.610893, 55.006893
461705581, 1211078490, 12.740984, 47.278509, 13.068007, 47.887499, -93.982606, -37.252544, -69.458377, 30.456626
NaN, 269772852, NaN, NaN, 11.391793, 47.237322, NaN, NaN, -195.161450, -41.831862
9416426999, 980615124, 15.005224, 48.150148, 14.711651, 48.130419, 75.817920, 59.658624, 53.802257, 57.465166
363692391, NaN, 9.813855, 47.144467, NaN, NaN, -313.494665, -52.155716, NaN, NaN
968128585, 637747763, 16.063713, 47.705978, 16.374177, 47.983574, 155.196471, 10.274653, 178.478858, 41.138544
312659546, 1228009569, 16.381777, 48.353380, 16.378647, 48.358675, 179.048777, 82.254553, 178.814096, 82.843244
599671744, 982658946, 15.707518, 48.392682, 15.709414, 48.332251, 128.484560, 86.624247, 128.626723, 79.905373
768572557, 772476710, 14.027911, 46.567487, 14.024990, 46.560810, 2.527038, -116.306026, 2.307926, -117.048348
NaN, 778293655, NaN, NaN, 11.870490, 47.156491, NaN, NaN, -159.262880, -50.818832
372921689, 365675098, 14.469075, 48.108309, 14.052091, 48.083097, 35.610893, 55.006893, 4.340322, 52.203686
316373837, NaN, 16.381442, 48.357563, NaN, NaN, 179.023662, 82.719653, NaN, NaN
1494360864, 970557360, 16.696860, 48.031411, 16.993453, 47.937683, 202.677576, 46.457205, 224.919760, 36.036155
962062799, 962063040, 13.229270, 47.334886, 13.212633, 47.330377, -57.364898, -30.984393, -58.612529, -31.485794
975963237, 975313646, 14.681672, 46.670138, 15.421155, 46.902173, 51.554064, -104.893004, 107.009540, -79.094610
1029569408, 1029570362, 14.783600, 47.144531, 15.019668, 47.395944, 59.197839, -52.148578, 76.901093, -24.195841
NaN, 963915031, NaN, NaN, 16.279283, 47.251248, NaN, NaN, 171.362526, -40.283531
966204544, NaN, 9.592654, 47.309125, NaN, NaN, -330.083001, -33.848628, NaN, NaN
972608630, NaN, 9.715091, 47.431561, NaN, NaN, -320.901194, -20.235833, NaN, NaN
1096356498, 1152805595, 15.726896, 47.091731, 15.990006, 47.257024, 129.937798, -58.019083, 149.668993, -39.641328
NaN, 1082599430, NaN, NaN, 15.880959, 48.330323, NaN, NaN, 141.491280, 79.691001
NaN, NaN, NaN, NaN, NaN, NaN, NaN, NaN, NaN, NaN
NaN, NaN, NaN, NaN, NaN, NaN, NaN, NaN, NaN, NaN
NaN, NaN, NaN, NaN, NaN, NaN, NaN, NaN, NaN, NaN
NaN, NaN, NaN, NaN, NaN, NaN, NaN, NaN, NaN, NaN
NaN, 986077225, NaN, NaN, 15.885845, 48.345137, NaN, NaN, 141.857730, 81.338051
NaN, NaN, NaN, NaN, NaN, NaN, NaN, NaN, NaN, NaN
986535827, 986535703, 14.172158, 46.548464, 14.174236, 46.535918, 13.344449, -118.420989, 13.500291, -119.815877
331278042, 278211428, 15.047087, 48.148253, 16.375652, 48.357832, 78.957306, 59.447966, 178.589479, 82.749483
1015961149, NaN, 14.702701, 46.630825, NaN, NaN, 53.131039, -109.263832, NaN, NaN
1029569408, NaN, 14.783600, 47.144531, NaN, NaN, 59.197839, -52.148578, NaN, NaN
1038357553, 1162013688, 11.897344, 47.235220, 11.839585, 47.391717, -157.249038, -42.065546, -161.580547, -24.665777
1096758515, 1037337213, 12.073497, 47.521674, 11.839083, 47.393786, -144.038916, -10.216809, -161.618170, -24.435784
1037337211, NaN, 11.838233, 47.393702, NaN, NaN, -161.681929, -24.445057, NaN, NaN
NaN, 1029570324, NaN, NaN, 15.018795, 47.396578, NaN, NaN, 76.835662, -24.125284
1038394298, 1038357536, 11.851984, 47.163115, 11.896414, 47.232841, -160.650732, -50.082368, -157.318825, -42.330016
NaN, NaN, NaN, NaN, NaN, NaN, NaN, NaN, NaN, NaN
975358470, 1042527836, 15.487435, 46.915438, 15.490791, 46.910791, 111.980058, -77.619827, 112.231687, -78.136460
1036636394, NaN, 14.327981, 47.677958, NaN, NaN, 25.029978, 7.159300, NaN, NaN
980615124, 1108253186, 14.711651, 48.130419, 14.696037, 48.163019, 53.802257, 57.465166, 52.631328, 61.089668
NaN, 962062799, NaN, NaN, 13.229270, 47.334886, NaN, NaN, -57.364898, -30.984393
1078897796, NaN, 13.900958, 48.105261, NaN, NaN, -6.993494, 54.667985, NaN, NaN
333255613, NaN, 13.899476, 48.105424, NaN, NaN, -7.104617, 54.686164, NaN, NaN
NaN, 333255613, NaN, NaN, 13.899476, 48.105424, NaN, NaN, -7.104617, 54.686164
NaN, 975314052, NaN, NaN, 15.425341, 46.901654, NaN, NaN, 107.323487, -79.152325
1096356359, 637747763, 16.410302, 47.548445, 16.374177, 47.983574, 181.187954, -7.240369, 178.478858, 41.138544
2435870589, 330844300, 14.470465, 48.117430, 15.736543, 48.269490, 35.715155, 56.021024, 130.661248, 72.927475
NaN, NaN, NaN, NaN, NaN, NaN, NaN, NaN, NaN, NaN
1160666219, NaN, 10.875927, 47.242372, NaN, NaN, -233.847476, -41.270422, NaN, NaN
1111943026, 1079628807, 13.444621, 48.435102, 13.083766, 48.256087, -41.215251, 91.340576, -68.276537, 71.437204
1111942923, NaN, 13.444765, 48.434437, NaN, NaN, -41.204445, 91.266661, NaN, NaN
1111943026, NaN, 13.444621, 48.435102, NaN, NaN, -41.215251, 91.340576, NaN, NaN
330839349, 330839390, 15.734383, 48.255201, 15.736080, 48.266493, 130.499213, 71.338785, 130.626482, 72.594250
NaN, NaN, NaN, NaN, NaN, NaN, NaN, NaN, NaN, NaN
1098087365, 339004004, 12.458102, 47.275099, 12.264696, 47.245322, -115.196504, -37.631711, -129.700505, -40.942444
1152861605, 1152915068, 16.166650, 47.270734, 16.273108, 47.252502, 162.915899, -38.116990, 170.899427, -40.144108
1152915068, 1152915085, 16.273108, 47.252502, 16.276406, 47.251881, 170.899427, -40.144108, 171.146789, -40.213119
NaN, 1152915085, NaN, NaN, 16.276406, 47.251881, NaN, NaN, 171.146789, -40.213119
1152915085, 963915031, 16.276406, 47.251881, 16.279283, 47.251248, 171.146789, -40.213119, 171.362526, -40.283531
963915031, 1096356359, 16.279283, 47.251248, 16.410302, 47.548445, 171.362526, -40.283531, 181.187954, -7.240369
1152805595, 1152861605, 15.990006, 47.257024, 16.166650, 47.270734, 149.668993, -39.641328, 162.915899, -38.116990
314154945, 1154380798, 11.848602, 47.161627, 11.817474, 47.131352, -160.904311, -50.247797, -163.238686, -53.613855
1154380811, 1154380770, 11.803202, 47.112259, 11.788732, 47.090341, -164.309005, -55.736679, -165.394099, -58.173583
1154380798, 1154380811, 11.817474, 47.131352, 11.803202, 47.112259, -163.238686, -53.613855, -164.309005, -55.736679
1154380798, 1154380811, 11.817474, 47.131352, 11.803202, 47.112259, -163.238686, -53.613855, -164.309005, -55.736679
1154380770, NaN, 11.788732, 47.090341, NaN, NaN, -165.394099, -58.173583, NaN, NaN
1154380770, NaN, 11.788732, 47.090341, NaN, NaN, -165.394099, -58.173583, NaN, NaN
788472764, NaN, 9.589913, 47.310491, NaN, NaN, -330.288518, -33.696719, NaN, NaN
NaN, 788472764, NaN, NaN, 9.589913, 47.310491, NaN, NaN, -330.288518, -33.696719
1160666224, 1160666195, 10.871970, 47.246261, 10.865488, 47.246013, -234.144175, -40.838010, -234.630260, -40.865562
NaN, 1160666231, NaN, NaN, 10.871056, 47.245753, NaN, NaN, -234.212726, -40.894502
1160666231, 1160666195, 10.871056, 47.245753, 10.865488, 47.246013, -234.212726, -40.894502, -234.630260, -40.865562
1160666231, 1160666195, 10.871056, 47.245753, 10.865488, 47.246013, -234.212726, -40.894502, -234.630260, -40.865562
527942908, NaN, 10.684467, 47.136113, NaN, NaN, -248.205437, -53.084603, NaN, NaN
527942908, 1160666195, 10.684467, 47.136113, 10.865488, 47.246013, -248.205437, -53.084603, -234.630260, -40.865562
527942908, 1160666195, 10.684467, 47.136113, 10.865488, 47.246013, -248.205437, -53.084603, -234.630260, -40.865562
527920272, NaN, 10.874942, 47.241923, NaN, NaN, -233.921306, -41.320299, NaN, NaN
527942908, 364026520, 10.684467, 47.136113, 9.819457, 47.143219, -248.205437, -53.084603, -313.074498, -52.294505
527942908, 364026520, 10.684467, 47.136113, 9.819457, 47.143219, -248.205437, -53.084603, -313.074498, -52.294505
NaN, 364026520, NaN, NaN, 9.819457, 47.143219, NaN, NaN, -313.074498, -52.294505
NaN, 364026520, NaN, NaN, 9.819457, 47.143219, NaN, NaN, -313.074498, -52.294505
1177464845, 1177464906, 10.042632, 46.973936, 9.873520, 47.087634, -296.338112, -71.115879, -309.020228, -58.474566
767463020, 832431744, 9.594244, 47.315364, 9.684793, 47.396254, -329.963779, -33.154981, -323.173258, -24.161307
1177464906, NaN, 9.873520, 47.087634, NaN, NaN, -309.020228, -58.474566, NaN, NaN
NaN, 1183502905, NaN, NaN, 9.873621, 47.072474, NaN, NaN, -309.012639, -60.160108
NaN, 1183502905, NaN, NaN, 9.873621, 47.072474, NaN, NaN, -309.012639, -60.160108
364026574, 1183502905, 9.813121, 47.142230, 9.873621, 47.072474, -313.549642, -52.404487, -309.012639, -60.160108
363686897, 363370503, 9.784150, 47.166683, 9.728132, 47.178984, -315.722303, -49.685713, -319.923228, -48.318087
NaN, 975314052, NaN, NaN, 15.425341, 46.901654, NaN, NaN, 107.323487, -79.152325
975314052, 1096356127, 15.425341, 46.901654, 15.483318, 46.914256, 107.323487, -79.152325, 111.671262, -77.751200
975358470, 975358586, 15.487435, 46.915438, 15.753562, 47.035228, 111.980058, -77.619827, 131.937482, -64.301276
975358658, NaN, 15.726086, 47.089985, NaN, NaN, 129.876994, -58.213197, NaN, NaN
975358586, 975358658, 15.753562, 47.035228, 15.726086, 47.089985, 131.937482, -64.301276, 129.876994, -58.213197
NaN, 1096356498, NaN, NaN, 15.726896, 47.091731, NaN, NaN, 129.937798, -58.019083
1096356498, 975358658, 15.726896, 47.091731, 15.726086, 47.089985, 129.937798, -58.019083, 129.876994, -58.213197
778293655, NaN, 11.870490, 47.156491, NaN, NaN, -159.262880, -50.818832, NaN, NaN
291914870, NaN, 13.063923, 47.884155, NaN, NaN, -69.764608, 30.084842, NaN, NaN
291914870, NaN, 13.063923, 47.884155, NaN, NaN, -69.764608, 30.084842, NaN, NaN
1211078465, 1211078685, 13.065547, 47.886650, 13.065763, 47.887973, -69.642881, 30.362243, -69.626615, 30.509327
291914870, 1211078465, 13.063923, 47.884155, 13.065547, 47.886650, -69.764608, 30.084842, -69.642881, 30.362243
NaN, 1213840381, NaN, NaN, 13.085626, 48.256336, NaN, NaN, -68.137081, 71.464944
1213978938, 1211078448, 13.104371, 48.226832, 13.067069, 47.889912, -66.731381, 68.184563, -69.528713, 30.724921
1213840346, 1213978938, 13.086282, 48.253294, 13.104371, 48.226832, -68.087916, 71.126704, -66.731381, 68.184563
NaN, 788472764, NaN, NaN, 9.589913, 47.310491, NaN, NaN, -330.288518, -33.696719
986077225, 1223587722, 15.885845, 48.345137, 15.882970, 48.346552, 141.857730, 81.338051, 141.642142, 81.495408
NaN, NaN, NaN, NaN, NaN, NaN, NaN, NaN, NaN, NaN
339004004, 1038357550, 12.264696, 47.245322, 11.899322, 47.234729, -129.700505, -40.942444, -157.100718, -42.120148
248719562, 312659546, 16.420575, 48.337116, 16.381777, 48.353380, 181.958350, 80.446232, 179.048777, 82.254553
77513443, 986077308, 16.374863, 48.358600, 15.886149, 48.326849, 178.530311, 82.834916, 141.880498, 79.304808
980615124, 1110677119, 14.711651, 48.130419, 14.474750, 48.123443, 53.802257, 57.465166, 36.036505, 56.689544
1240329244, 1240303727, 12.740693, 47.259712, 12.744776, 47.257940, -94.004414, -39.342491, -93.698183, -39.539540
461705480, 1240329244, 12.737006, 47.276093, 12.740693, 47.259712, -94.280926, -37.521240, -94.004414, -39.342491
1240303727, 1476463008, 12.744776, 47.257940, 12.721197, 47.200483, -93.698183, -39.539540, -95.466411, -45.927768
461705491, 314619613, 12.732550, 47.272509, 12.583805, 47.278243, -94.615054, -37.919674, -105.769780, -37.282152
461705488, 461705491, 12.737171, 47.277237, 12.732550, 47.272509, -94.268484, -37.393991, -94.615054, -37.919674
461705491, 1754063816, 12.732550, 47.272509, 12.804929, 46.827402, -94.615054, -37.919674, -89.187188, -87.407846
832431744, 972608630, 9.684793, 47.396254, 9.715091, 47.431561, -323.173258, -24.161307, -320.901194, -20.235833
363416935, 361413795, 9.684560, 47.203654, 9.645310, 47.221737, -323.190799, -45.575130, -326.134185, -43.564657
767463020, NaN, 9.594244, 47.315364, NaN, NaN, -329.963779, -33.154981, NaN, NaN
966204544, 788472757, 9.592654, 47.309125, 9.593970, 47.312258, -330.083001, -33.848628, -329.984311, -33.500326
972608630, NaN, 9.715091, 47.431561, NaN, NaN, -320.901194, -20.235833, NaN, NaN
333255613, 951632760, 13.899476, 48.105424, 13.700604, 48.174024, -7.104617, 54.686164, -22.018473, 62.313224
1078897796, NaN, 13.900958, 48.105261, NaN, NaN, -6.993494, 54.667985, NaN, NaN
951632760, 1077289961, 13.700604, 48.174024, 13.084056, 48.255789, -22.018473, 62.313224, -68.254826, 71.404127
365675098, 1078897796, 14.052091, 48.083097, 13.900958, 48.105261, 4.340322, 52.203686, -6.993494, 54.667985
372921689, 1036636394, 14.469075, 48.108309, 14.327981, 47.677958, 35.610893, 55.006893, 25.029978, 7.159300
308354801, 308354802, 14.470095, 48.118004, 14.473024, 48.122239, 35.687378, 56.084854, 35.907023, 56.555646
308354801, 308354802, 14.470095, 48.118004, 14.473024, 48.122239, 35.687378, 56.084854, 35.907023, 56.555646
NaN, 365675098, NaN, NaN, 14.052091, 48.083097, NaN, NaN, 4.340322, 52.203686
NaN, 365675098, NaN, NaN, 14.052091, 48.083097, NaN, NaN, 4.340322, 52.203686
1036636394, NaN, 14.327981, 47.677958, NaN, NaN, 25.029978, 7.159300, NaN, NaN
330844300, 986076242, 15.736543, 48.269490, 15.883116, 48.326592, 130.661248, 72.927475, 141.653046, 79.276189
330844300, NaN, 15.736543, 48.269490, NaN, NaN, 130.661248, 72.927475, NaN, NaN
330844300, NaN, 15.736543, 48.269490, NaN, NaN, 130.661248, 72.927475, NaN, NaN
1082599729, 1223587722, 15.856508, 48.372295, 15.882970, 48.346552, 139.657659, 84.357520, 141.642142, 81.495408
1223587722, 1223587680, 15.882970, 48.346552, 15.885662, 48.331699, 141.642142, 81.495408, 141.844014, 79.843977
986077225, 986077122, 15.885845, 48.345137, 15.886023, 48.331551, 141.857730, 81.338051, 141.871079, 79.827522
982658946, 982658979, 15.709414, 48.332251, 15.737743, 48.270331, 128.626723, 79.905373, 130.751232, 73.020891
417522774, 278352912, 16.853524, 47.976452, 16.425545, 48.125153, 214.426136, 40.346633, 182.331077, 56.879622
NaN, 1015961149, NaN, NaN, 14.702701, 46.630825, NaN, NaN, 53.131039, -109.263832
1015961149, 975963342, 14.702701, 46.630825, 14.683168, 46.667262, 53.131039, -109.263832, 51.666252, -105.212743
330839279, 330839349, 15.693138, 48.227167, 15.734383, 48.255201, 127.406164, 68.221876, 130.499213, 71.338785
330839390, NaN, 15.736080, 48.266493, NaN, NaN, 130.626482, 72.594250, NaN, NaN
NaN, 330839390, NaN, NaN, 15.736080, 48.266493, NaN, NaN, 130.626482, 72.594250
NaN, 330839279, NaN, NaN, 15.693138, 48.227167, NaN, NaN, 127.406164, 68.221876
77513443, NaN, 16.374863, 48.358600, NaN, NaN, 178.530311, 82.834916, NaN, NaN
278328808, 1342430150, 16.422362, 48.118971, 16.419402, 48.122373, 182.092354, 56.192301, 181.870347, 56.570600
278339198, 278339199, 16.426717, 48.139969, 16.429660, 48.139503, 182.418945, 58.526917, 182.639670, 58.475150
NaN, 1342444750, NaN, NaN, 16.380686, 48.357237, NaN, NaN, 178.966961, 82.683407
NaN, 1342444751, NaN, NaN, 16.380728, 48.357407, NaN, NaN, 178.970088, 82.702231
363370487, 363370484, 9.715150, 47.190208, 9.712881, 47.192159, -320.896785, -47.070171, -321.066875, -46.853176
363370484, 363416935, 9.712881, 47.192159, 9.684560, 47.203654, -321.066875, -46.853176, -323.190799, -45.575130
363370503, 363370487, 9.728132, 47.178984, 9.715150, 47.190208, -319.923228, -48.318087, -320.896785, -47.070171
788472757, 767463020, 9.593970, 47.312258, 9.594244, 47.315364, -329.984311, -33.500326, -329.963779, -33.154981
NaN, 77513443, NaN, NaN, 16.374863, 48.358600, NaN, NaN, 178.530311, 82.834916
NaN, 269772852, NaN, NaN, 11.391793, 47.237322, NaN, NaN, -195.161450, -41.831862
313052954, 313053023, 11.109090, 47.294206, 11.102718, 47.293961, -216.361999, -35.507330, -216.839872, -35.534593
292861525, NaN, 10.872556, 47.247048, NaN, NaN, -234.100252, -40.750454, NaN, NaN
1160666224, NaN, 10.871970, 47.246261, NaN, NaN, -234.144175, -40.838010, NaN, NaN
NaN, 972608651, NaN, NaN, 9.713912, 47.431803, NaN, NaN, -320.989625, -20.208904
NaN, 278351598, NaN, NaN, 16.341623, 48.136022, NaN, NaN, 176.037575, 58.088101
NaN, 278351598, NaN, NaN, 16.341623, 48.136022, NaN, NaN, 176.037575, 58.088101
986076409, NaN, 15.887204, 48.331492, NaN, NaN, 141.959652, 79.820974, NaN, NaN
986076242, NaN, 15.883116, 48.326592, NaN, NaN, 141.653046, 79.276189, NaN, NaN
NaN, NaN, NaN, NaN, NaN, NaN, NaN, NaN, NaN, NaN
986077308, NaN, 15.886149, 48.326849, NaN, NaN, 141.880498, 79.304808, NaN, NaN
NaN, NaN, NaN, NaN, NaN, NaN, NaN, NaN, NaN, NaN
986076409, 278211670, 15.887204, 48.331492, 16.376250, 48.358024, 141.959652, 79.820974, 178.634332, 82.770853
637747763, 305188183, 16.374177, 47.983574, 16.416973, 48.122622, 178.478858, 41.138544, 181.688213, 56.598296
637747763, 305188183, 16.374177, 47.983574, 16.416973, 48.122622, 178.478858, 41.138544, 181.688213, 56.598296
NaN, 1057547905, NaN, NaN, 13.080985, 48.259026, NaN, NaN, -68.485090, 71.764015
NaN, 1092593867, NaN, NaN, 13.081248, 48.258381, NaN, NaN, -68.465427, 71.692291
982658979, NaN, 15.737743, 48.270331, NaN, NaN, 130.751232, 73.020891, NaN, NaN
982658979, NaN, 15.737743, 48.270331, NaN, NaN, 130.751232, 73.020891, NaN, NaN
970557718, 417522774, 16.992174, 47.937806, 16.853524, 47.976452, 224.823837, 36.049909, 214.426136, 40.346633
NaN, 331278042, NaN, NaN, 15.047087, 48.148253, NaN, NaN, 78.957306, 59.447966
NaN, 331278042, NaN, NaN, 15.047087, 48.148253, NaN, NaN, 78.957306, 59.447966
NaN, 331278174, NaN, NaN, 15.045035, 48.147464, NaN, NaN, 78.803460, 59.360198
NaN, 331278174, NaN, NaN, 15.045035, 48.147464, NaN, NaN, 78.803460, 59.360198
NaN, 331278171, NaN, NaN, 15.046091, 48.147841, NaN, NaN, 78.882614, 59.402148
NaN, 331278171, NaN, NaN, 15.046091, 48.147841, NaN, NaN, 78.882614, 59.402148
NaN, 331278171, NaN, NaN, 15.046091, 48.147841, NaN, NaN, 78.882614, 59.402148
278220864, 278220880, 16.646915, 48.119531, 16.682211, 48.075740, 198.932124, 56.254586, 201.579022, 51.385726
278220880, 278328753, 16.682211, 48.075740, 16.694692, 48.033466, 201.579022, 51.385726, 202.514978, 46.685652
772476710, 986535827, 14.024990, 46.560810, 14.172158, 46.548464, 2.307926, -117.048348, 13.344449, -118.420989
986535827, 975963680, 14.172158, 46.548464, 14.682776, 46.667225, 13.344449, -118.420989, 51.636840, -105.216823
NaN, 972608651, NaN, NaN, 9.713912, 47.431803, NaN, NaN, -320.989625, -20.208904
1018017347, 1029569408, 14.808445, 46.777242, 14.783600, 47.144531, 61.061022, -92.984885, 59.197839, -52.148578
1018017347, 975963388, 14.808445, 46.777242, 14.683339, 46.669669, 61.061022, -92.984885, 51.679053, -104.945082
1111942923, 1111943026, 13.444765, 48.434437, 13.444621, 48.435102, -41.204445, 91.266661, -41.215251, 91.340576
NaN, 1111942923, NaN, NaN, 13.444765, 48.434437, NaN, NaN, -41.204445, 91.266661
962063040, 461705581, 13.212633, 47.330377, 12.740984, 47.278509, -58.612529, -31.485794, -93.982606, -37.252544
962062799, 962063040, 13.229270, 47.334886, 13.212633, 47.330377, -57.364898, -30.984393, -58.612529, -31.485794
NaN, NaN, NaN, NaN, NaN, NaN, NaN, NaN, NaN, NaN
NaN, NaN, NaN, NaN, NaN, NaN, NaN, NaN, NaN, NaN
NaN, NaN, NaN, NaN, NaN, NaN, NaN, NaN, NaN, NaN
278328754, 1494360864, 16.695419, 48.030997, 16.696860, 48.031411, 202.569490, 46.411075, 202.677576, 46.457205
NaN, NaN, NaN, NaN, NaN, NaN, NaN, NaN, NaN, NaN
NaN, NaN, NaN, NaN, NaN, NaN, NaN, NaN, NaN, NaN
NaN, NaN, NaN, NaN, NaN, NaN, NaN, NaN, NaN, NaN
NaN, NaN, NaN, NaN, NaN, NaN, NaN, NaN, NaN, NaN
NaN, NaN, NaN, NaN, NaN, NaN, NaN, NaN, NaN, NaN
730977578, 986522534, 12.806343, 46.822360, 13.680410, 46.544109, -89.081171, -87.968485, -23.532868, -118.905223
804773951, 975700418, 12.808252, 46.824674, 13.327066, 46.871735, -88.937973, -87.711252, -50.030976, -82.478847
361413793, 919837721, 9.642052, 47.223027, 9.612982, 47.278877, -326.378555, -43.421220, -328.558521, -37.211696
361413795, 361413793, 9.645310, 47.221737, 9.642052, 47.223027, -326.134185, -43.564657, -326.378555, -43.421220
919837721, 966204544, 9.612982, 47.278877, 9.592654, 47.309125, -328.558521, -37.211696, -330.083001, -33.848628
77513441, 77513443, 16.379786, 48.359991, 16.374863, 48.358600, 178.899483, 82.989560, 178.530311, 82.834916
1108253186, NaN, 14.696037, 48.163019, NaN, NaN, 52.631328, 61.089668, NaN, NaN
1108253186, NaN, 14.696037, 48.163019, NaN, NaN, 52.631328, 61.089668, NaN, NaN
8542120724, 772476710, 13.828404, 46.552427, 14.024990, 46.560810, -12.434483, -117.980438, 2.307926, -117.048348
986522534, NaN, 13.680410, 46.544109, NaN, NaN, -23.532868, -118.905223, NaN, NaN
986522534, NaN, 13.680410, 46.544109, NaN, NaN, -23.532868, -118.905223, NaN, NaN
1111942923, NaN, 13.444765, 48.434437, NaN, NaN, -41.204445, 91.266661, NaN, NaN
1111943026, NaN, 13.444621, 48.435102, NaN, NaN, -41.215251, 91.340576, NaN, NaN
NaN, 1038394298, NaN, NaN, 11.851984, 47.163115, NaN, NaN, -160.650732, -50.082368
NaN, 314154945, NaN, NaN, 11.848602, 47.161627, NaN, NaN, -160.904311, -50.247797
NaN, 975313573, NaN, NaN, 15.422855, 46.901607, NaN, NaN, 107.137026, -79.157629
599671744, 2098839147, 15.707518, 48.392682, 15.704935, 48.392980, 128.484560, 86.624247, 128.290870, 86.657368
2098839147, NaN, 15.704935, 48.392980, NaN, NaN, 128.290870, 86.657368, NaN, NaN
2098839147, NaN, 15.704935, 48.392980, NaN, NaN, 128.290870, 86.657368, NaN, NaN
970557977, NaN, 16.997298, 47.936192, NaN, NaN, 225.208105, 35.870404, NaN, NaN
970557360, NaN, 16.993453, 47.937683, NaN, NaN, 224.919760, 36.036155, NaN, NaN
NaN, 308354801, NaN, NaN, 14.470095, 48.118004, NaN, NaN, 35.687378, 56.084854
NaN, 1213840381, NaN, NaN, 13.085626, 48.256336, NaN, NaN, -68.137081, 71.464944
1213840381, 1213840346, 13.085626, 48.256336, 13.086282, 48.253294, -68.137081, 71.464944, -68.087916, 71.126704
2436302189, 316373838, 16.383368, 48.357070, 16.381359, 48.357243, 179.168082, 82.664829, 179.017430, 82.684097
2436302189, 248720081, 16.383368, 48.357070, 16.416617, 48.353565, 179.168082, 82.664829, 181.661516, 82.275155
248720081, 278339198, 16.416617, 48.353565, 16.426717, 48.139969, 181.661516, 82.275155, 182.418945, 58.526917
NaN, 986077308, NaN, NaN, 15.886149, 48.326849, NaN, NaN, 141.880498, 79.304808
NaN, 986077308, NaN, NaN, 15.886149, 48.326849, NaN, NaN, 141.880498, 79.304808
77513443, NaN, 16.374863, 48.358600, NaN, NaN, 178.530311, 82.834916, NaN, NaN
1177464906, 1177464702, 9.873520, 47.087634, 9.813275, 47.142527, -309.020228, -58.474566, -313.538115, -52.371377
1082599430, NaN, 15.880959, 48.330323, NaN, NaN, 141.491280, 79.691001, NaN, NaN
1223587680, NaN, 15.885662, 48.331699, NaN, NaN, 141.844014, 79.843977, NaN, NaN
NaN, 986076409, NaN, NaN, 15.887204, 48.331492, NaN, NaN, 141.959652, 79.820974
986077122, NaN, 15.886023, 48.331551, NaN, NaN, 141.871079, 79.827522, NaN, NaN
1082599430, NaN, 15.880959, 48.330323, NaN, NaN, 141.491280, 79.691001, NaN, NaN
NaN, 986077308, NaN, NaN, 15.886149, 48.326849, NaN, NaN, 141.880498, 79.304808
1223587680, NaN, 15.885662, 48.331699, NaN, NaN, 141.844014, 79.843977, NaN, NaN
986077122, NaN, 15.886023, 48.331551, NaN, NaN, 141.871079, 79.827522, NaN, NaN
NaN, 986076242, NaN, NaN, 15.883116, 48.326592, NaN, NaN, 141.653046, 79.276189
NaN, NaN, NaN, NaN, NaN, NaN, NaN, NaN, NaN, NaN
972608651, 363583122, 9.713912, 47.431803, 9.811034, 47.143756, -320.989625, -20.208904, -313.706173, -52.234833
1476463008, NaN, 12.721197, 47.200483, NaN, NaN, -95.466411, -45.927768, NaN, NaN
NaN, 314619613, NaN, NaN, 12.583805, 47.278243, NaN, NaN, -105.769780, -37.282152
NaN, 314619613, NaN, NaN, 12.583805, 47.278243, NaN, NaN, -105.769780, -37.282152
314619613, 1098087365, 12.583805, 47.278243, 12.458102, 47.275099, -105.769780, -37.282152, -115.196504, -37.631711
278328755, 3273515806, 16.691685, 48.030909, 16.693312, 48.031075, 202.289521, 46.401347, 202.411518, 46.419814
3273515806, 278328753, 16.693312, 48.031075, 16.694692, 48.033466, 202.411518, 46.419814, 202.514978, 46.685652
3273515806, 278328753, 16.693312, 48.031075, 16.694692, 48.033466, 202.411518, 46.419814, 202.514978, 46.685652
278328755, 278328808, 16.691685, 48.030909, 16.422362, 48.118971, 202.289521, 46.401347, 182.092354, 56.192301
972608651, NaN, 9.713912, 47.431803, NaN, NaN, -320.989625, -20.208904, NaN, NaN
NaN, 278340487, NaN, NaN, 16.425067, 48.140333, NaN, NaN, 182.295193, 58.567376
975700418, NaN, 13.327066, 46.871735, NaN, NaN, -50.030976, -82.478847, NaN, NaN
975700418, NaN, 13.327066, 46.871735, NaN, NaN, -50.030976, -82.478847, NaN, NaN
5653873949, NaN, 13.343225, 46.895452, NaN, NaN, -48.819116, -79.841936, NaN, NaN
5653873949, NaN, 13.343225, 46.895452, NaN, NaN, -48.819116, -79.841936, NaN, NaN
5653873967, 5653873968, 13.338001, 46.878761, 13.338136, 46.878891, -49.210883, -81.697621, -49.200804, -81.683168
5653873969, 5653873967, 13.331671, 46.872634, 13.338001, 46.878761, -49.685614, -82.378883, -49.210883, -81.697621
5653873968, 5653873984, 13.338136, 46.878891, 13.338540, 46.888853, -49.200804, -81.683168, -49.170514, -80.575598
5653873970, 5653873969, 13.331427, 46.872397, 13.331671, 46.872634, -49.703927, -82.405177, -49.685614, -82.378883
5653873984, 5653873949, 13.338540, 46.888853, 13.343225, 46.895452, -49.170514, -80.575598, -48.819116, -79.841936
NaN, 5653873970, NaN, NaN, 13.331427, 46.872397, NaN, NaN, -49.703927, -82.405177
1342921482, NaN, 12.805606, 46.824767, NaN, NaN, -89.136388, -87.700846, NaN, NaN
1754063816, NaN, 12.804929, 46.827402, NaN, NaN, -89.187188, -87.407846, NaN, NaN
1754063816, NaN, 12.804929, 46.827402, NaN, NaN, -89.187188, -87.407846, NaN, NaN
730977578, NaN, 12.806343, 46.822360, NaN, NaN, -89.081171, -87.968485, NaN, NaN
NaN, 804773951, NaN, NaN, 12.808252, 46.824674, NaN, NaN, -88.937973, -87.711252
804773951, NaN, 12.808252, 46.824674, NaN, NaN, -88.937973, -87.711252, NaN, NaN
NaN, 730977578, NaN, NaN, 12.806343, 46.822360, NaN, NaN, -89.081171, -87.968485
NaN, 768572557, NaN, NaN, 14.027911, 46.567487, NaN, NaN, 2.527038, -116.306026
768572557, NaN, 14.027911, 46.567487, NaN, NaN, 2.527038, -116.306026, NaN, NaN
986535703, NaN, 14.174236, 46.535918, NaN, NaN, 13.500291, -119.815877, NaN, NaN
986535703, NaN, 14.174236, 46.535918, NaN, NaN, 13.500291, -119.815877, NaN, NaN
NaN, NaN, NaN, NaN, NaN, NaN, NaN, NaN, NaN, NaN
NaN, NaN, NaN, NaN, NaN, NaN, NaN, NaN, NaN, NaN
5691682662, 1342914021, 14.680804, 46.669480, 14.680713, 46.669315, 51.488963, -104.966128, 51.482086, -104.984407
5691682663, 1342914023, 14.680144, 46.669656, 14.680054, 46.669498, 51.439431, -104.946538, 51.432674, -104.964127
NaN, 5691682663, NaN, NaN, 14.680144, 46.669656, NaN, NaN, 51.439431, -104.946538
NaN, 5691682662, NaN, NaN, 14.680804, 46.669480, NaN, NaN, 51.488963, -104.966128
975963237, 5691682692, 14.681672, 46.670138, 14.681227, 46.669365, 51.554064, -104.893004, 51.520640, -104.978926
975963359, 975963237, 14.681005, 46.669424, 14.681672, 46.670138, 51.504006, -104.972288, 51.554064, -104.893004
2994993005, NaN, 14.683237, 46.667793, NaN, NaN, 51.671412, -105.153627, NaN, NaN
1018136384, NaN, 14.683416, 46.667739, NaN, NaN, 51.684798, -105.159631, NaN, NaN
975963680, NaN, 14.682776, 46.667225, NaN, NaN, 51.636840, -105.216823, NaN, NaN
975963680, NaN, 14.682776, 46.667225, NaN, NaN, 51.636840, -105.216823, NaN, NaN
2994993007, NaN, 14.683288, 46.668914, NaN, NaN, 51.675214, -105.029091, NaN, NaN
8736713994, NaN, 14.683122, 46.668961, NaN, NaN, 51.662795, -105.023832, NaN, NaN
NaN, 278340492, NaN, NaN, 16.416824, 48.128866, NaN, NaN, 181.677024, 57.292421
NaN, 1096758515, NaN, NaN, 12.073497, 47.521674, NaN, NaN, -144.038916, -10.216809
NaN, 1096758515, NaN, NaN, 12.073497, 47.521674, NaN, NaN, -144.038916, -10.216809
1119791105, 417522774, 16.838659, 47.961018, 16.853524, 47.976452, 213.311376, 38.630627, 214.426136, 40.346633
1119791105, NaN, 16.838659, 47.961018, NaN, NaN, 213.311376, 38.630627, NaN, NaN
7645968033, 7645968034, 16.513706, 48.341868, 16.516275, 48.343480, 188.942456, 80.974628, 189.135133, 81.153844
8625854829, 7645968035, 16.516690, 48.337799, 16.517147, 48.341077, 189.166210, 80.522248, 189.200482, 80.886649
7645968034, NaN, 16.516275, 48.343480, NaN, NaN, 189.135133, 81.153844, NaN, NaN
1079628807, NaN, 13.083766, 48.256087, NaN, NaN, -68.276537, 71.437204, NaN, NaN
1077289961, NaN, 13.084056, 48.255789, NaN, NaN, -68.254826, 71.404127, NaN, NaN
1079628807, NaN, 13.083766, 48.256087, NaN, NaN, -68.276537, 71.437204, NaN, NaN
1077289961, NaN, 13.084056, 48.255789, NaN, NaN, -68.254826, 71.404127, NaN, NaN
1092593867, NaN, 13.081248, 48.258381, NaN, NaN, -68.465427, 71.692291, NaN, NaN
1092593867, NaN, 13.081248, 48.258381, NaN, NaN, -68.465427, 71.692291, NaN, NaN
1057547905, NaN, 13.080985, 48.259026, NaN, NaN, -68.485090, 71.764015, NaN, NaN
1057547905, NaN, 13.080985, 48.259026, NaN, NaN, -68.485090, 71.764015, NaN, NaN
NaN, 950529359, NaN, NaN, 13.085833, 48.257778, NaN, NaN, -68.121558, 71.625292
950529359, NaN, 13.085833, 48.257778, NaN, NaN, -68.121558, 71.625292, NaN, NaN
7682772203, NaN, 12.740251, 47.278379, NaN, NaN, -94.037508, -37.267009, NaN, NaN
461705583, 461705581, 12.740178, 47.278501, 12.740984, 47.278509, -94.043035, -37.253467, -93.982606, -37.252544
NaN, NaN, NaN, NaN, NaN, NaN, NaN, NaN, NaN, NaN
461705581, NaN, 12.740984, 47.278509, NaN, NaN, -93.982606, -37.252544, NaN, NaN
461705581, NaN, 12.740984, 47.278509, NaN, NaN, -93.982606, -37.252544, NaN, NaN
461705581, 7682772203, 12.740984, 47.278509, 12.740251, 47.278379, -93.982606, -37.252544, -94.037508, -37.267009
NaN, 461705583, NaN, NaN, 12.740178, 47.278501, NaN, NaN, -94.043035, -37.253467
461705480, NaN, 12.737006, 47.276093, NaN, NaN, -94.280926, -37.521240, NaN, NaN
461705480, NaN, 12.737006, 47.276093, NaN, NaN, -94.280926, -37.521240, NaN, NaN
NaN, 461705480, NaN, NaN, 12.737006, 47.276093, NaN, NaN, -94.280926, -37.521240
NaN, 461705488, NaN, NaN, 12.737171, 47.277237, NaN, NaN, -94.268484, -37.393991
NaN, 461705488, NaN, NaN, 12.737171, 47.277237, NaN, NaN, -94.268484, -37.393991
NaN, 461705488, NaN, NaN, 12.737171, 47.277237, NaN, NaN, -94.268484, -37.393991
NaN, 461705488, NaN, NaN, 12.737171, 47.277237, NaN, NaN, -94.268484, -37.393991
NaN, NaN, NaN, NaN, NaN, NaN, NaN, NaN, NaN, NaN
NaN, NaN, NaN, NaN, NaN, NaN, NaN, NaN, NaN, NaN
7682968544, NaN, 12.741654, 47.259169, NaN, NaN, -93.932309, -39.402886, NaN, NaN
1240303735, NaN, 12.742055, 47.258895, NaN, NaN, -93.902222, -39.433350, NaN, NaN
1240303735, NaN, 12.742055, 47.258895, NaN, NaN, -93.902222, -39.433350, NaN, NaN
1211078448, NaN, 13.067069, 47.889912, NaN, NaN, -69.528713, 30.724921, NaN, NaN
1211078448, NaN, 13.067069, 47.889912, NaN, NaN, -69.528713, 30.724921, NaN, NaN
NaN, 1211078490, NaN, NaN, 13.068007, 47.887499, NaN, NaN, -69.458377, 30.456626
1211078685, NaN, 13.065763, 47.887973, NaN, NaN, -69.626615, 30.509327, NaN, NaN
1211078490, NaN, 13.068007, 47.887499, NaN, NaN, -69.458377, 30.456626, NaN, NaN
1211078685, NaN, 13.065763, 47.887973, NaN, NaN, -69.626615, 30.509327, NaN, NaN
NaN, 314154945, NaN, NaN, 11.848602, 47.161627, NaN, NaN, -160.904311, -50.247797
NaN, 1038394298, NaN, NaN, 11.851984, 47.163115, NaN, NaN, -160.650732, -50.082368
1038357550, NaN, 11.899322, 47.234729, NaN, NaN, -157.100718, -42.120148, NaN, NaN
1038357536, NaN, 11.896414, 47.232841, NaN, NaN, -157.318825, -42.330016, NaN, NaN
1038357536, NaN, 11.896414, 47.232841, NaN, NaN, -157.318825, -42.330016, NaN, NaN
1038357550, NaN, 11.899322, 47.234729, NaN, NaN, -157.100718, -42.120148, NaN, NaN
NaN, 7688744369, NaN, NaN, 11.897440, 47.233782, NaN, NaN, -157.241876, -42.225438
1038357553, NaN, 11.897344, 47.235220, NaN, NaN, -157.249038, -42.065546, NaN, NaN
1038357553, NaN, 11.897344, 47.235220, NaN, NaN, -157.249038, -42.065546, NaN, NaN
7688744373, 7683614177, 11.897560, 47.234453, 11.897571, 47.234577, -157.232824, -42.150823, -157.232022, -42.137059
7688744374, 7688744373, 11.897845, 47.234607, 11.897560, 47.234453, -157.211504, -42.133712, -157.232824, -42.150823
7683614177, 1038357553, 11.897571, 47.234577, 11.897344, 47.235220, -157.232022, -42.137059, -157.249038, -42.065546
7688744369, 7688744373, 11.897440, 47.233782, 11.897560, 47.234453, -157.241876, -42.225438, -157.232824, -42.150823
1038357553, 7688744374, 11.897344, 47.235220, 11.897845, 47.234607, -157.249038, -42.065546, -157.211504, -42.133712
NaN, NaN, NaN, NaN, NaN, NaN, NaN, NaN, NaN, NaN
975313573, NaN, 15.422855, 46.901607, NaN, NaN, 107.137026, -79.157629, NaN, NaN
975313573, NaN, 15.422855, 46.901607, NaN, NaN, 107.137026, -79.157629, NaN, NaN
975313646, NaN, 15.421155, 46.902173, NaN, NaN, 107.009540, -79.094610, NaN, NaN
975313646, NaN, 15.421155, 46.902173, NaN, NaN, 107.009540, -79.094610, NaN, NaN
NaN, 278338629, NaN, NaN, 16.425223, 48.125905, NaN, NaN, 182.306877, 56.963209
NaN, 278338629, NaN, NaN, 16.425223, 48.125905, NaN, NaN, 182.306877, 56.963209
278352912, NaN, 16.425545, 48.125153, NaN, NaN, 182.331077, 56.879622, NaN, NaN
278352912, NaN, 16.425545, 48.125153, NaN, NaN, 182.331077, 56.879622, NaN, NaN
NaN, 1342436940, NaN, NaN, 16.422389, 48.123477, NaN, NaN, 182.094371, 56.693291
NaN, 1342436944, NaN, NaN, 16.422384, 48.124211, NaN, NaN, 182.093966, 56.774899
NaN, NaN, NaN, NaN, NaN, NaN, NaN, NaN, NaN, NaN
1342436944, NaN, 16.422384, 48.124211, NaN, NaN, 182.093966, 56.774899, NaN, NaN
NaN, 1342436940, NaN, NaN, 16.422389, 48.123477, NaN, NaN, 182.094371, 56.693291
1342430150, NaN, 16.419402, 48.122373, NaN, NaN, 181.870347, 56.570600, NaN, NaN
1342430150, NaN, 16.419402, 48.122373, NaN, NaN, 181.870347, 56.570600, NaN, NaN
NaN, 305186793, NaN, NaN, 16.420039, 48.122654, NaN, NaN, 181.918102, 56.601765
NaN, 305186793, NaN, NaN, 16.420039, 48.122654, NaN, NaN, 181.918102, 56.601765
305188183, NaN, 16.416973, 48.122622, NaN, NaN, 181.688213, 56.598296, NaN, NaN
1370016794, NaN, 16.417259, 48.123134, NaN, NaN, 181.709661, 56.655133, NaN, NaN
1370016797, NaN, 16.417019, 48.123138, NaN, NaN, 181.691677, 56.655589, NaN, NaN
305188183, NaN, 16.416973, 48.122622, NaN, NaN, 181.688213, 56.598296, NaN, NaN
NaN, 278351576, NaN, NaN, 16.415817, 48.124635, NaN, NaN, 181.601544, 56.822107
NaN, 278351576, NaN, NaN, 16.415817, 48.124635, NaN, NaN, 181.601544, 56.822107
305188183, 1370016797, 16.416973, 48.122622, 16.417019, 48.123138, 181.688213, 56.598296, 181.691677, 56.655589
305188183, 1370016794, 16.416973, 48.122622, 16.417259, 48.123134, 181.688213, 56.598296, 181.709661, 56.655133
278328753, NaN, 16.694692, 48.033466, NaN, NaN, 202.514978, 46.685652, NaN, NaN
NaN, 278328753, NaN, NaN, 16.694692, 48.033466, NaN, NaN, 202.514978, 46.685652
278328754, NaN, 16.695419, 48.030997, NaN, NaN, 202.569490, 46.411075, NaN, NaN
278328754, NaN, 16.695419, 48.030997, NaN, NaN, 202.569490, 46.411075, NaN, NaN
1494360864, NaN, 16.696860, 48.031411, NaN, NaN, 202.677576, 46.457205, NaN, NaN
1494360864, NaN, 16.696860, 48.031411, NaN, NaN, 202.677576, 46.457205, NaN, NaN
NaN, NaN, NaN, NaN, NaN, NaN, NaN, NaN, NaN, NaN
NaN, NaN, NaN, NaN, NaN, NaN, NaN, NaN, NaN, NaN
NaN, NaN, NaN, NaN, NaN, NaN, NaN, NaN, NaN, NaN
NaN, NaN, NaN, NaN, NaN, NaN, NaN, NaN, NaN, NaN
NaN, 384707604, NaN, NaN, 16.377387, 48.356236, NaN, NaN, 178.719569, 82.572102
NaN, 384707604, NaN, NaN, 16.377387, 48.356236, NaN, NaN, 178.719569, 82.572102
1342444750, 316373838, 16.380686, 48.357237, 16.381359, 48.357243, 178.966961, 82.683407, 179.017430, 82.684097
1342444751, 316373838, 16.380728, 48.357407, 16.381359, 48.357243, 178.970088, 82.702231, 179.017430, 82.684097
NaN, 316373837, NaN, NaN, 16.381442, 48.357563, NaN, NaN, 179.023662, 82.719653
NaN, 316373837, NaN, NaN, 16.381442, 48.357563, NaN, NaN, 179.023662, 82.719653
NaN, NaN, NaN, NaN, NaN, NaN, NaN, NaN, NaN, NaN
NaN, NaN, NaN, NaN, NaN, NaN, NaN, NaN, NaN, NaN
278211428, NaN, 16.375652, 48.357832, NaN, NaN, 178.589479, 82.749483, NaN, NaN
278211428, NaN, 16.375652, 48.357832, NaN, NaN, 178.589479, 82.749483, NaN, NaN
278211670, NaN, 16.376250, 48.358024, NaN, NaN, 178.634332, 82.770853, NaN, NaN
278211670, NaN, 16.376250, 48.358024, NaN, NaN, 178.634332, 82.770853, NaN, NaN
NaN, 77513441, NaN, NaN, 16.379786, 48.359991, NaN, NaN, 178.899483, 82.989560
NaN, NaN, NaN, NaN, NaN, NaN, NaN, NaN, NaN, NaN
NaN, 77513441, NaN, NaN, 16.379786, 48.359991, NaN, NaN, 178.899483, 82.989560
NaN, 77513441, NaN, NaN, 16.379786, 48.359991, NaN, NaN, 178.899483, 82.989560
1228009569, NaN, 16.378647, 48.358675, NaN, NaN, 178.814096, 82.843244, NaN, NaN
1228009569, NaN, 16.378647, 48.358675, NaN, NaN, 178.814096, 82.843244, NaN, NaN
NaN, NaN, NaN, NaN, NaN, NaN, NaN, NaN, NaN, NaN
NaN, NaN, NaN, NaN, NaN, NaN, NaN, NaN, NaN, NaN
NaN, NaN, NaN, NaN, NaN, NaN, NaN, NaN, NaN, NaN
1110677119, NaN, 14.474750, 48.123443, NaN, NaN, 36.036505, 56.689544, NaN, NaN
NaN, 308354801, NaN, NaN, 14.470095, 48.118004, NaN, NaN, 35.687378, 56.084854
NaN, 308354801, NaN, NaN, 14.470095, 48.118004, NaN, NaN, 35.687378, 56.084854
NaN, 2435870589, NaN, NaN, 14.470465, 48.117430, NaN, NaN, 35.715155, 56.021024
NaN, 2435870589, NaN, NaN, 14.470465, 48.117430, NaN, NaN, 35.715155, 56.021024
308354798, NaN, 14.469494, 48.114237, NaN, NaN, 35.642345, 55.665995, NaN, NaN
308354798, NaN, 14.469494, 48.114237, NaN, NaN, 35.642345, 55.665995, NaN, NaN
7750286893, 7750286898, 14.474039, 48.125786, 14.474220, 48.125445, 35.983200, 56.949989, 35.996774, 56.912076
NaN, NaN, NaN, NaN, NaN, NaN, NaN, NaN, NaN, NaN
NaN, NaN, NaN, NaN, NaN, NaN, NaN, NaN, NaN, NaN
NaN, NaN, NaN, NaN, NaN, NaN, NaN, NaN, NaN, NaN
NaN, NaN, NaN, NaN, NaN, NaN, NaN, NaN, NaN, NaN
NaN, NaN, NaN, NaN, NaN, NaN, NaN, NaN, NaN, NaN
NaN, 7750286893, NaN, NaN, 14.474039, 48.125786, NaN, NaN, 35.983200, 56.949989
NaN, 7750286898, NaN, NaN, 14.474220, 48.125445, NaN, NaN, 35.996774, 56.912076
1110677119, NaN, 14.474750, 48.123443, NaN, NaN, 36.036505, 56.689544, NaN, NaN
NaN, 372921675, NaN, NaN, 14.471233, 48.124595, NaN, NaN, 35.772719, 56.817615
NaN, NaN, NaN, NaN, NaN, NaN, NaN, NaN, NaN, NaN
NaN, 372921675, NaN, NaN, 14.471233, 48.124595, NaN, NaN, 35.772719, 56.817615
NaN, 372921675, NaN, NaN, 14.471233, 48.124595, NaN, NaN, 35.772719, 56.817615
NaN, 372921675, NaN, NaN, 14.471233, 48.124595, NaN, NaN, 35.772719, 56.817615
308354802, NaN, 14.473024, 48.122239, NaN, NaN, 35.907023, 56.555646, NaN, NaN
NaN, NaN, NaN, NaN, NaN, NaN, NaN, NaN, NaN, NaN
NaN, NaN, NaN, NaN, NaN, NaN, NaN, NaN, NaN, NaN
308354802, NaN, 14.473024, 48.122239, NaN, NaN, 35.907023, 56.555646, NaN, NaN
308354802, NaN, 14.473024, 48.122239, NaN, NaN, 35.907023, 56.555646, NaN, NaN
NaN, 1342921482, NaN, NaN, 12.805606, 46.824767, NaN, NaN, -89.136388, -87.700846
1342921487, NaN, 12.804964, 46.824964, NaN, NaN, -89.184571, -87.678954, NaN, NaN
NaN, 1342921487, NaN, NaN, 12.804964, 46.824964, NaN, NaN, -89.184571, -87.678954
NaN, NaN, NaN, NaN, NaN, NaN, NaN, NaN, NaN, NaN
NaN, NaN, NaN, NaN, NaN, NaN, NaN, NaN, NaN, NaN
NaN, 970557819, NaN, NaN, 16.997273, 47.935812, NaN, NaN, 225.206246, 35.828233
970557819, 970557718, 16.997273, 47.935812, 16.992174, 47.937806, 225.206246, 35.828233, 224.823837, 36.049909
970557718, 970557819, 16.992174, 47.937806, 16.997273, 47.935812, 224.823837, 36.049909, 225.206246, 35.828233
NaN, 8518223050, NaN, NaN, 13.080568, 48.258279, NaN, NaN, -68.516377, 71.680917
NaN, 8518223053, NaN, NaN, 13.080600, 48.258238, NaN, NaN, -68.513955, 71.676458
NaN, 8518223056, NaN, NaN, 13.080661, 48.258200, NaN, NaN, -68.509425, 71.672133
NaN, 8518223062, NaN, NaN, 13.080713, 48.258166, NaN, NaN, -68.505548, 71.668442
NaN, 8518223057, NaN, NaN, 13.080741, 48.258134, NaN, NaN, -68.503388, 71.664828
NaN, 8518223060, NaN, NaN, 13.080799, 48.258101, NaN, NaN, -68.499076, 71.661204
8518223110, 8518245044, 13.080909, 48.258097, 13.083339, 48.255799, -68.490812, 71.660703, -68.308573, 71.405217
8518223069, 8518245001, 13.080735, 48.258215, 13.083255, 48.255904, -68.503831, 71.673834, -68.314925, 71.416958
NaN, 8518245046, NaN, NaN, 13.083142, 48.255913, NaN, NaN, -68.323377, 71.417914
NaN, 8518245048, NaN, NaN, 13.083172, 48.255871, NaN, NaN, -68.321149, 71.413233
NaN, 8518245050, NaN, NaN, 13.083204, 48.255834, NaN, NaN, -68.318705, 71.409119
NaN, 8518245052, NaN, NaN, 13.083285, 48.255798, NaN, NaN, -68.312668, 71.405139
NaN, 8518245054, NaN, NaN, 13.083312, 48.255767, NaN, NaN, -68.310583, 71.401670
NaN, 8518245056, NaN, NaN, 13.083342, 48.255736, NaN, NaN, -68.308356, 71.398190
8518245046, 8518245001, 13.083142, 48.255913, 13.083255, 48.255904, -68.323377, 71.417914, -68.314925, 71.416958
8518245048, 8518245001, 13.083172, 48.255871, 13.083255, 48.255904, -68.321149, 71.413233, -68.314925, 71.416958
8518245050, 8518245001, 13.083204, 48.255834, 13.083255, 48.255904, -68.318705, 71.409119, -68.314925, 71.416958
8518245052, 8518245044, 13.083285, 48.255798, 13.083339, 48.255799, -68.312668, 71.405139, -68.308573, 71.405217
8518245054, 8518245044, 13.083312, 48.255767, 13.083339, 48.255799, -68.310583, 71.401670, -68.308573, 71.405217
8518245056, 8518245044, 13.083342, 48.255736, 13.083339, 48.255799, -68.308356, 71.398190, -68.308573, 71.405217
8518223050, 8518223069, 13.080568, 48.258279, 13.080735, 48.258215, -68.516377, 71.680917, -68.503831, 71.673834
8518223053, 8518223069, 13.080600, 48.258238, 13.080735, 48.258215, -68.513955, 71.676458, -68.503831, 71.673834
8518223056, 8518223069, 13.080661, 48.258200, 13.080735, 48.258215, -68.509425, 71.672133, -68.503831, 71.673834
8518223062, 8518223110, 13.080713, 48.258166, 13.080909, 48.258097, -68.505548, 71.668442, -68.490812, 71.660703
8518223057, 8518223110, 13.080741, 48.258134, 13.080909, 48.258097, -68.503388, 71.664828, -68.490812, 71.660703
8518223060, 8518223110, 13.080799, 48.258101, 13.080909, 48.258097, -68.499076, 71.661204, -68.490812, 71.660703
NaN, 8542120724, NaN, NaN, 13.828404, 46.552427, NaN, NaN, -12.434483, -117.980438
NaN, 8542120725, NaN, NaN, 13.827397, 46.552326, NaN, NaN, -12.510023, -117.991645
8542120725, 8542120724, 13.827397, 46.552326, 13.828404, 46.552427, -12.510023, -117.991645, -12.434483, -117.980438
986522534, 8542120725, 13.680410, 46.544109, 13.827397, 46.552326, -23.532868, -118.905223, -12.510023, -117.991645
8542120724, NaN, 13.828404, 46.552427, NaN, NaN, -12.434483, -117.980438, NaN, NaN
8542120725, NaN, 13.827397, 46.552326, NaN, NaN, -12.510023, -117.991645, NaN, NaN
NaN, NaN, NaN, NaN, NaN, NaN, NaN, NaN, NaN, NaN
NaN, 970557977, NaN, NaN, 16.997298, 47.936192, NaN, NaN, 225.208105, 35.870404
NaN, 970557977, NaN, NaN, 16.997298, 47.936192, NaN, NaN, 225.208105, 35.870404
NaN, 970557360, NaN, NaN, 16.993453, 47.937683, NaN, NaN, 224.919760, 36.036155
NaN, NaN, NaN, NaN, NaN, NaN, NaN, NaN, NaN, NaN
NaN, NaN, NaN, NaN, NaN, NaN, NaN, NaN, NaN, NaN
NaN, NaN, NaN, NaN, NaN, NaN, NaN, NaN, NaN, NaN
975963342, 2994993005, 14.683168, 46.667262, 14.683237, 46.667793, 51.666252, -105.212743, 51.671412, -105.153627
975963342, 1018136384, 14.683168, 46.667262, 14.683416, 46.667739, 51.666252, -105.212743, 51.684798, -105.159631
975963388, 2994993007, 14.683339, 46.669669, 14.683288, 46.668914, 51.679053, -104.945082, 51.675214, -105.029091
975963388, 8736713994, 14.683339, 46.669669, 14.683122, 46.668961, 51.679053, -104.945082, 51.662795, -105.023832
8736713998, 8736755435, 14.679769, 46.669818, 14.679711, 46.669710, 51.411316, -104.928582, 51.406996, -104.940556
8736755435, NaN, 14.679711, 46.669710, NaN, NaN, 51.406996, -104.940556, NaN, NaN
NaN, 8736713998, NaN, NaN, 14.679769, 46.669818, NaN, NaN, 51.411316, -104.928582
5691682692, NaN, 14.681227, 46.669365, NaN, NaN, 51.520640, -104.978926, NaN, NaN
NaN, 975963359, NaN, NaN, 14.681005, 46.669424, NaN, NaN, 51.504006, -104.972288
1342914021, NaN, 14.680713, 46.669315, NaN, NaN, 51.482086, -104.984407, NaN, NaN
1342914023, NaN, 14.680054, 46.669498, NaN, NaN, 51.432674, -104.964127, NaN, NaN
NaN, 364026574, NaN, NaN, 9.813121, 47.142230, NaN, NaN, -313.549642, -52.404487
NaN, 363686955, NaN, NaN, 9.808284, 47.142845, NaN, NaN, -313.912394, -52.336032
NaN, 363692391, NaN, NaN, 9.813855, 47.144467, NaN, NaN, -313.494665, -52.155716
363692391, NaN, 9.813855, 47.144467, NaN, NaN, -313.494665, -52.155716, NaN, NaN
1177464702, NaN, 9.813275, 47.142527, NaN, NaN, -313.538115, -52.371377, NaN, NaN
1177464702, NaN, 9.813275, 47.142527, NaN, NaN, -313.538115, -52.371377, NaN, NaN
364026574, NaN, 9.813121, 47.142230, NaN, NaN, -313.549642, -52.404487, NaN, NaN
363583122, NaN, 9.811034, 47.143756, NaN, NaN, -313.706173, -52.234833, NaN, NaN
363686955, NaN, 9.808284, 47.142845, NaN, NaN, -313.912394, -52.336032, NaN, NaN
363583122, NaN, 9.811034, 47.143756, NaN, NaN, -313.706173, -52.234833, NaN, NaN
308354802, NaN, 14.473024, 48.122239, NaN, NaN, 35.907023, 56.555646, NaN, NaN
77513441, 8625854827, 16.379786, 48.359991, 16.510584, 48.341152, 178.899483, 82.989560, 188.708292, 80.895021
8625854827, 7645968033, 16.510584, 48.341152, 16.513706, 48.341868, 188.708292, 80.895021, 188.942456, 80.974628
7645968035, 7645968034, 16.517147, 48.341077, 16.516275, 48.343480, 189.200482, 80.886649, 189.135133, 81.153844
8625854827, 8625854829, 16.510584, 48.341152, 16.516690, 48.337799, 188.708292, 80.895021, 189.166210, 80.522248
7645968033, 7645968035, 16.513706, 48.341868, 16.517147, 48.341077, 188.942456, 80.974628, 189.200482, 80.886649
1037337213, NaN, 11.839083, 47.393786, NaN, NaN, -161.618170, -24.435784, NaN, NaN
1037337213, NaN, 11.839083, 47.393786, NaN, NaN, -161.618170, -24.435784, NaN, NaN
NaN, 1037337211, NaN, NaN, 11.838233, 47.393702, NaN, NaN, -161.681929, -24.445057
NaN, 1037337211, NaN, NaN, 11.838233, 47.393702, NaN, NaN, -161.681929, -24.445057
1162013688, NaN, 11.839585, 47.391717, NaN, NaN, -161.580547, -24.665777, NaN, NaN
1162013688, NaN, 11.839585, 47.391717, NaN, NaN, -161.580547, -24.665777, NaN, NaN
278340492, 278340487, 16.416824, 48.128866, 16.425067, 48.140333, 181.677024, 57.292421, 182.295193, 58.567376
331278174, 9416426999, 15.045035, 48.147464, 15.005224, 48.150148, 78.803460, 59.360198, 75.817920, 59.658624
NaN, 968128585, NaN, NaN, 16.063713, 47.705978, NaN, NaN, 155.196471, 10.274653
NaN, 968128585, NaN, NaN, 16.063713, 47.705978, NaN, NaN, 155.196471, 10.274653
968128903, NaN, 16.064132, 47.705762, NaN, NaN, 155.227893, 10.250604, NaN, NaN
968128903, NaN, 16.064132, 47.705762, NaN, NaN, 155.227893, 10.250604, NaN, NaN
1029570362, NaN, 15.019668, 47.395944, NaN, NaN, 76.901093, -24.195841, NaN, NaN
1029570362, NaN, 15.019668, 47.395944, NaN, NaN, 76.901093, -24.195841, NaN, NaN
1029570324, NaN, 15.018795, 47.396578, NaN, NaN, 76.835662, -24.125284, NaN, NaN
NaN, 1029570324, NaN, NaN, 15.018795, 47.396578, NaN, NaN, 76.835662, -24.125284
NaN, 968128903, NaN, NaN, 16.064132, 47.705762, NaN, NaN, 155.227893, 10.250604
NaN, 1119791105, NaN, NaN, 16.838659, 47.961018, NaN, NaN, 213.311376, 38.630627
NaN, 1082599729, NaN, NaN, 15.856508, 48.372295, NaN, NaN, 139.657659, 84.357520
NaN, 1082599729, NaN, NaN, 15.856508, 48.372295, NaN, NaN, 139.657659, 84.357520
NaN, 1082599729, NaN, NaN, 15.856508, 48.372295, NaN, NaN, 139.657659, 84.357520
1042527836, NaN, 15.490791, 46.910791, NaN, NaN, 112.231687, -78.136460, NaN, NaN
1042527836, NaN, 15.490791, 46.910791, NaN, NaN, 112.231687, -78.136460, NaN, NaN
7682968544, 1240303735, 12.741654, 47.259169, 12.742055, 47.258895, -93.932309, -39.402886, -93.902222, -39.433350
1240329244, 7682968544, 12.740693, 47.259712, 12.741654, 47.259169, -94.004414, -39.342491, -93.932309, -39.402886
NaN, 292861525, NaN, NaN, 10.872556, 47.247048, NaN, NaN, -234.100252, -40.750454
NaN, 1160666224, NaN, NaN, 10.871970, 47.246261, NaN, NaN, -234.144175, -40.838010
NaN, 1160666231, NaN, NaN, 10.871056, 47.245753, NaN, NaN, -234.212726, -40.894502
NaN, 9632144618, NaN, NaN, 10.872257, 47.244305, NaN, NaN, -234.122697, -41.055462
NaN, NaN, NaN, NaN, NaN, NaN, NaN, NaN, NaN, NaN
NaN, NaN, NaN, NaN, NaN, NaN, NaN, NaN, NaN, NaN
NaN, 1159579422, NaN, NaN, 10.876862, 47.242967, NaN, NaN, -233.777343, -41.204258
NaN, 1159579422, NaN, NaN, 10.876862, 47.242967, NaN, NaN, -233.777343, -41.204258
NaN, 1160666219, NaN, NaN, 10.875927, 47.242372, NaN, NaN, -233.847476, -41.270422
NaN, 1160666219, NaN, NaN, 10.875927, 47.242372, NaN, NaN, -233.847476, -41.270422
NaN, 1160666219, NaN, NaN, 10.875927, 47.242372, NaN, NaN, -233.847476, -41.270422
NaN, 9632144618, NaN, NaN, 10.872257, 47.244305, NaN, NaN, -234.122697, -41.055462
NaN, 527920272, NaN, NaN, 10.874942, 47.241923, NaN, NaN, -233.921306, -41.320299
NaN, 527920272, NaN, NaN, 10.874942, 47.241923, NaN, NaN, -233.921306, -41.320299
1096356127, 975358470, 15.483318, 46.914256, 15.487435, 46.915438, 111.671262, -77.751200, 111.980058, -77.619827
NaN, NaN, NaN, NaN, NaN, NaN, NaN, NaN, NaN, NaN
1177464845, NaN, 10.042632, 46.973936, NaN, NaN, -296.338112, -71.115879, NaN, NaN
1177464845, NaN, 10.042632, 46.973936, NaN, NaN, -296.338112, -71.115879, NaN, NaN
NaN, 363370526, NaN, NaN, 9.671629, 47.199716, NaN, NaN, -324.160516, -46.013057
NaN, 363370526, NaN, NaN, 9.671629, 47.199716, NaN, NaN, -324.160516, -46.013057
NaN, 332074978, NaN, NaN, 15.064155, 48.188071, NaN, NaN, 80.237304, 63.875030
NaN, 332074978, NaN, NaN, 15.064155, 48.188071, NaN, NaN, 80.237304, 63.875030
332074978, NaN, 15.064155, 48.188071, NaN, NaN, 80.237304, 63.875030, NaN, NaN
278339199, NaN, 16.429660, 48.139503, NaN, NaN, 182.639670, 58.475150, NaN, NaN
278339199, NaN, 16.429660, 48.139503, NaN, NaN, 182.639670, 58.475150, NaN, NaN
