19, 21
26, 28
27, 29
16, 34
41, 60
70, 100
5, 102
47, 118
66, 121
124, 127
51, 131
138, 142
151, 152
153, 155
153, 156
155, 156
73, 157
73, 158
157, 158
130, 159
79, 160
150, 161
163, 166
164, 167
163, 168
166, 168
164, 169
167, 169
165, 170
165, 172
170, 172
174, 177
181, 182
179, 183
181, 184
182, 184
179, 185
183, 185
186, 188
179, 189
183, 189
185, 189
186, 190
188, 190
179, 191
183, 191
185, 191
189, 191
186, 194
188, 194
190, 194
186, 196
188, 196
190, 196
194, 196
195, 197
195, 199
197, 199
195, 201
197, 201
199, 201
203, 206
209, 211
209, 213
211, 213
33, 214
129, 217
129, 218
217, 218
114, 220
221, 224
222, 225
78, 227
78, 228
227, 228
222, 229
225, 229
59, 230
232, 234
232, 238
234, 238
236, 239
242, 245
174, 247
177, 247
91, 248
149, 252
0, 254
52, 255
47, 258
118, 258
260, 263
261, 264
266, 269
266, 270
269, 270
205, 272
76, 273
31, 274
204, 276
74, 278
76, 280
273, 280
124, 282
127, 282
37, 283
122, 284
37, 286
283, 286
61, 288
122, 289
284, 289
41, 290
60, 290
116, 291
292, 294
293, 295
61, 297
288, 297
61, 299
288, 299
297, 299
116, 300
291, 300
133, 302
133, 304
302, 304
133, 306
302, 306
304, 306
249, 309
249, 310
309, 310
91, 312
248, 312
55, 314
98, 319
98, 320
319, 320
23, 322
144, 323
145, 324
145, 327
324, 327
23, 329
322, 329
256, 330
13, 332
9, 334
341, 342
31, 343
274, 343
215, 344
340, 345
279, 346
204, 347
276, 347
256, 349
330, 349
45, 351
3, 352
16, 353
34, 353
27, 354
29, 354
178, 356
11, 361
11, 363
361, 363
303, 366
257, 370
364, 374
51, 376
131, 376
51, 378
131, 378
376, 378
377, 379
315, 384
315, 386
384, 386
316, 389
96, 391
96, 393
391, 393
395, 397
24, 399
24, 401
399, 401
24, 403
399, 403
401, 403
19, 404
21, 404
20, 405
20, 406
405, 406
57, 408
94, 409
94, 410
409, 410
359, 413
70, 415
100, 415
414, 416
140, 418
138, 419
142, 419
140, 421
418, 421
67, 422
42, 423
66, 424
121, 424
67, 425
422, 425
14, 432
64, 433
275, 450
448, 451
449, 452
74, 453
278, 453
256, 455
330, 455
349, 455
119, 456
119, 458
456, 458
57, 461
408, 461
445, 462
445, 464
462, 464
140, 466
418, 466
421, 466
138, 468
142, 468
419, 468
110, 471
162, 473
54, 476
477, 478
477, 480
478, 480
65, 484
292, 487
294, 487
241, 489
241, 490
489, 490
244, 491
492, 494
495, 496
9, 497
334, 497
257, 499
370, 499
257, 501
370, 501
499, 501
256, 502
330, 502
349, 502
455, 502
203, 504
206, 504
81, 506
311, 508
364, 511
374, 511
313, 512
81, 514
506, 514
257, 517
370, 517
499, 517
501, 517
311, 518
508, 518
313, 520
512, 520
303, 523
366, 523
359, 526
413, 526
265, 528
267, 531
267, 533
531, 533
267, 534
531, 534
533, 534
148, 535
15, 536
537, 538
407, 539
537, 540
538, 540
407, 541
539, 541
15, 542
536, 542
13, 543
332, 543
359, 544
413, 544
526, 544
447, 548
447, 550
548, 550
552, 554
556, 559
557, 560
558, 563
561, 564
552, 565
554, 565
562, 567
271, 570
271, 572
570, 572
444, 574
446, 577
446, 578
577, 578
444, 581
574, 581
56, 583
56, 584
583, 584
95, 586
95, 588
586, 588
596, 599
594, 601
68, 602
68, 605
602, 605
411, 610
411, 612
610, 612
104, 621
104, 623
621, 623
316, 625
389, 625
624, 626
18, 630
629, 632
139, 634
287, 636
139, 638
634, 638
287, 640
636, 640
383, 642
383, 644
642, 644
381, 646
381, 648
646, 648
38, 651
38, 652
651, 652
42, 657
423, 657
42, 660
423, 660
657, 660
42, 662
423, 662
657, 662
660, 662
42, 664
423, 664
657, 664
660, 664
662, 664
654, 665
656, 667
262, 668
262, 670
668, 670
262, 673
668, 673
670, 673
268, 675
268, 677
675, 677
268, 679
675, 679
677, 679
268, 681
675, 681
677, 681
679, 681
688, 690
243, 692
243, 694
692, 694
43, 697
237, 698
43, 700
697, 700
237, 702
698, 702
162, 705
473, 705
110, 707
471, 707
253, 708
111, 710
111, 712
710, 712
253, 714
708, 714
5, 718
102, 718
5, 720
102, 720
718, 720
722, 725
723, 726
5, 727
102, 727
718, 727
720, 727
717, 728
722, 729
725, 729
5, 730
102, 730
718, 730
720, 730
727, 730
724, 731
475, 734
475, 736
734, 736
69, 738
69, 740
738, 740
8, 743
8, 745
743, 745
317, 746
317, 748
746, 748
753, 756
751, 759
333, 760
333, 762
760, 762
12, 765
12, 767
765, 767
377, 768
379, 768
377, 774
379, 774
768, 774
10, 777
10, 779
777, 779
377, 780
379, 780
768, 780
774, 780
772, 781
377, 782
379, 782
768, 782
774, 782
780, 782
770, 783
407, 784
539, 784
541, 784
407, 787
539, 787
541, 787
784, 787
14, 788
432, 788
14, 790
432, 790
788, 790
64, 792
433, 792
64, 794
433, 794
792, 794
6, 805
6, 807
805, 807
337, 808
493, 809
339, 810
493, 811
809, 811
62, 813
62, 815
813, 815
97, 820
97, 822
820, 822
375, 824
375, 826
824, 826
454, 829
454, 833
829, 833
454, 835
829, 835
833, 835
53, 836
53, 838
836, 838
259, 846
292, 849
294, 849
487, 849
292, 851
294, 851
487, 851
849, 851
132, 853
132, 855
853, 855
39, 856
39, 858
856, 858
860, 873
861, 875
259, 876
846, 876
40, 879
40, 883
879, 883
40, 885
879, 885
883, 885
40, 887
879, 887
883, 887
885, 887
293, 888
295, 888
293, 894
295, 894
888, 894
293, 896
295, 896
888, 896
894, 896
568, 899
900, 903
909, 910
388, 911
388, 912
911, 912
909, 913
910, 913
931, 942
929, 943
933, 944
929, 945
943, 945
935, 946
929, 947
943, 947
945, 947
937, 948
927, 949
939, 950
927, 951
949, 951
941, 952
927, 953
949, 953
951, 953
915, 954
928, 955
917, 956
928, 957
955, 957
919, 958
928, 959
955, 959
957, 959
921, 960
926, 961
923, 962
926, 963
961, 963
925, 964
926, 965
961, 965
963, 965
460, 967
969, 970
460, 971
967, 971
445, 972
462, 972
464, 972
969, 973
970, 973
460, 974
967, 974
971, 974
969, 976
970, 976
973, 976
482, 981
482, 983
981, 983
65, 985
484, 985
321, 992
606, 993
321, 994
992, 994
608, 995
417, 996
614, 997
417, 998
996, 998
616, 999
1001, 1002
1000, 1005
603, 1006
604, 1009
595, 1010
597, 1012
212, 1015
32, 1017
48, 1019
48, 1020
1019, 1020
505, 1022
505, 1024
1022, 1024
212, 1026
1015, 1026
527, 1028
32, 1030
1017, 1030
527, 1032
1028, 1032
293, 1034
295, 1034
888, 1034
894, 1034
896, 1034
454, 1036
829, 1036
833, 1036
835, 1036
1037, 1038
628, 1039
631, 1040
629, 1041
632, 1041
1037, 1042
1038, 1042
18, 1043
630, 1043
628, 1044
1039, 1044
631, 1045
1040, 1045
105, 1046
105, 1048
1046, 1048
106, 1051
106, 1053
1051, 1053
103, 1054
103, 1056
1054, 1056
619, 1058
547, 1059
395, 1060
397, 1060
46, 1061
50, 1063
50, 1065
1063, 1065
1066, 1068
71, 1070
71, 1072
1070, 1072
109, 1074
109, 1077
1074, 1077
1066, 1079
1068, 1079
624, 1081
626, 1081
308, 1083
308, 1085
1083, 1085
308, 1087
1083, 1087
1085, 1087
115, 1088
115, 1090
1088, 1090
686, 1092
688, 1093
690, 1093
260, 1094
263, 1094
686, 1095
1092, 1095
27, 1097
29, 1097
354, 1097
178, 1099
356, 1099
181, 1101
182, 1101
184, 1101
4, 1109
4, 1111
1109, 1111
136, 1113
136, 1115
1113, 1115
136, 1117
1113, 1117
1115, 1117
1103, 1119
192, 1121
192, 1123
1121, 1123
219, 1124
114, 1125
220, 1125
202, 1128
202, 1130
1128, 1130
30, 1133
30, 1135
1133, 1135
25, 1137
25, 1139
1137, 1139
25, 1140
1137, 1140
1139, 1140
335, 1142
335, 1144
1142, 1144
