20, 22
27, 29
28, 30
17, 35
42, 61
71, 101
6, 103
48, 119
67, 122
125, 128
52, 132
139, 143
152, 153
154, 156
154, 157
156, 157
74, 158
74, 159
158, 159
131, 160
80, 161
151, 162
164, 167
165, 168
164, 169
167, 169
165, 170
168, 170
166, 171
166, 173
171, 173
175, 178
182, 183
180, 184
182, 185
183, 185
180, 186
184, 186
187, 189
180, 190
184, 190
186, 190
187, 191
189, 191
180, 192
184, 192
186, 192
190, 192
187, 195
189, 195
191, 195
187, 197
189, 197
191, 197
195, 197
196, 198
196, 200
198, 200
196, 202
198, 202
200, 202
204, 207
210, 212
210, 214
212, 214
34, 215
130, 218
130, 219
218, 219
115, 221
222, 225
223, 226
79, 228
79, 229
228, 229
223, 230
226, 230
60, 231
233, 235
233, 239
235, 239
237, 240
243, 246
175, 248
178, 248
92, 249
150, 253
1, 255
53, 256
48, 259
119, 259
261, 264
262, 265
267, 270
267, 271
270, 271
206, 273
77, 274
32, 275
205, 277
75, 279
77, 281
274, 281
125, 283
128, 283
38, 284
123, 285
38, 287
284, 287
62, 289
123, 290
285, 290
42, 291
61, 291
117, 292
293, 295
294, 296
62, 298
289, 298
62, 300
289, 300
298, 300
117, 301
292, 301
134, 303
134, 305
303, 305
134, 307
303, 307
305, 307
250, 310
250, 311
310, 311
92, 313
249, 313
56, 315
99, 320
99, 321
320, 321
24, 323
145, 324
146, 325
146, 328
325, 328
24, 330
323, 330
257, 331
14, 333
10, 335
342, 343
32, 344
275, 344
216, 345
341, 346
280, 347
205, 348
277, 348
257, 350
331, 350
46, 352
4, 353
17, 354
35, 354
28, 355
30, 355
179, 357
12, 362
12, 364
362, 364
304, 367
258, 371
365, 375
52, 377
132, 377
52, 379
132, 379
377, 379
378, 380
316, 385
316, 387
385, 387
317, 390
97, 392
97, 394
392, 394
396, 398
25, 400
25, 402
400, 402
25, 404
400, 404
402, 404
20, 405
22, 405
21, 406
21, 407
406, 407
58, 409
95, 410
95, 411
410, 411
360, 414
71, 416
101, 416
415, 417
141, 419
139, 420
143, 420
141, 422
419, 422
68, 423
43, 424
67, 425
122, 425
68, 426
423, 426
15, 433
65, 434
276, 451
449, 452
450, 453
75, 454
279, 454
257, 456
331, 456
350, 456
120, 457
120, 459
457, 459
58, 462
409, 462
446, 463
446, 465
463, 465
141, 467
419, 467
422, 467
139, 469
143, 469
420, 469
111, 472
163, 474
55, 477
478, 479
478, 481
479, 481
66, 485
293, 488
295, 488
242, 490
242, 491
490, 491
245, 492
493, 495
496, 497
10, 498
335, 498
258, 500
371, 500
258, 502
371, 502
500, 502
257, 503
331, 503
350, 503
456, 503
204, 505
207, 505
82, 507
312, 509
365, 512
375, 512
314, 513
82, 515
507, 515
258, 518
371, 518
500, 518
502, 518
312, 519
509, 519
314, 521
513, 521
304, 524
367, 524
360, 527
414, 527
266, 529
268, 532
268, 534
532, 534
268, 535
532, 535
534, 535
149, 536
16, 537
538, 539
408, 540
538, 541
539, 541
408, 542
540, 542
16, 543
537, 543
14, 544
333, 544
360, 545
414, 545
527, 545
448, 549
448, 551
549, 551
553, 555
557, 560
558, 561
559, 564
562, 565
553, 566
555, 566
563, 568
272, 571
272, 573
571, 573
445, 575
447, 578
447, 579
578, 579
445, 582
575, 582
57, 584
57, 585
584, 585
96, 587
96, 589
587, 589
597, 600
595, 602
69, 603
69, 606
603, 606
412, 611
412, 613
611, 613
105, 622
105, 624
622, 624
317, 626
390, 626
625, 627
19, 631
630, 633
140, 635
288, 637
140, 639
635, 639
288, 641
637, 641
384, 643
384, 645
643, 645
382, 647
382, 649
647, 649
39, 652
39, 653
652, 653
43, 658
424, 658
43, 661
424, 661
658, 661
43, 663
424, 663
658, 663
661, 663
43, 665
424, 665
658, 665
661, 665
663, 665
655, 666
657, 668
263, 669
263, 671
669, 671
263, 674
669, 674
671, 674
269, 676
269, 678
676, 678
269, 680
676, 680
678, 680
269, 682
676, 682
678, 682
680, 682
689, 691
244, 693
244, 695
693, 695
44, 698
238, 699
44, 701
698, 701
238, 703
699, 703
163, 706
474, 706
111, 708
472, 708
254, 709
112, 711
112, 713
711, 713
254, 715
709, 715
6, 719
103, 719
6, 721
103, 721
719, 721
723, 726
724, 727
6, 728
103, 728
719, 728
721, 728
718, 729
723, 730
726, 730
6, 731
103, 731
719, 731
721, 731
728, 731
725, 732
476, 735
476, 737
735, 737
70, 739
70, 741
739, 741
9, 744
9, 746
744, 746
318, 747
318, 749
747, 749
754, 757
752, 760
334, 761
334, 763
761, 763
13, 766
13, 768
766, 768
378, 769
380, 769
378, 775
380, 775
769, 775
11, 778
11, 780
778, 780
378, 781
380, 781
769, 781
775, 781
773, 782
378, 783
380, 783
769, 783
775, 783
781, 783
771, 784
408, 785
540, 785
542, 785
408, 788
540, 788
542, 788
785, 788
15, 789
433, 789
15, 791
433, 791
789, 791
65, 793
434, 793
65, 795
434, 795
793, 795
7, 806
7, 808
806, 808
338, 809
494, 810
340, 811
494, 812
810, 812
63, 814
63, 816
814, 816
98, 821
98, 823
821, 823
376, 825
376, 827
825, 827
455, 830
455, 834
830, 834
455, 836
830, 836
834, 836
54, 837
54, 839
837, 839
260, 847
293, 850
295, 850
488, 850
293, 852
295, 852
488, 852
850, 852
133, 854
133, 856
854, 856
40, 857
40, 859
857, 859
861, 874
862, 876
260, 877
847, 877
41, 880
41, 884
880, 884
41, 886
880, 886
884, 886
41, 888
880, 888
884, 888
886, 888
294, 889
296, 889
294, 895
296, 895
889, 895
294, 897
296, 897
889, 897
895, 897
569, 900
901, 904
910, 911
389, 912
389, 913
912, 913
910, 914
911, 914
932, 943
930, 944
934, 945
930, 946
944, 946
936, 947
930, 948
944, 948
946, 948
938, 949
928, 950
940, 951
928, 952
950, 952
942, 953
928, 954
950, 954
952, 954
916, 955
929, 956
918, 957
929, 958
956, 958
920, 959
929, 960
956, 960
958, 960
922, 961
927, 962
924, 963
927, 964
962, 964
926, 965
927, 966
962, 966
964, 966
461, 968
970, 971
461, 972
968, 972
446, 973
463, 973
465, 973
970, 974
971, 974
461, 975
968, 975
972, 975
970, 977
971, 977
974, 977
483, 982
483, 984
982, 984
66, 986
485, 986
322, 993
607, 994
322, 995
993, 995
609, 996
418, 997
615, 998
418, 999
997, 999
617, 1000
1002, 1003
1001, 1006
604, 1007
605, 1010
596, 1011
598, 1013
213, 1016
33, 1018
49, 1020
49, 1021
1020, 1021
506, 1023
506, 1025
1023, 1025
213, 1027
1016, 1027
528, 1029
33, 1031
1018, 1031
528, 1033
1029, 1033
294, 1035
296, 1035
889, 1035
895, 1035
897, 1035
455, 1037
830, 1037
834, 1037
836, 1037
1038, 1039
629, 1040
632, 1041
630, 1042
633, 1042
1038, 1043
1039, 1043
19, 1044
631, 1044
629, 1045
1040, 1045
632, 1046
1041, 1046
106, 1047
106, 1049
1047, 1049
107, 1052
107, 1054
1052, 1054
104, 1055
104, 1057
1055, 1057
620, 1059
548, 1060
396, 1061
398, 1061
47, 1062
51, 1064
51, 1066
1064, 1066
1067, 1069
72, 1071
72, 1073
1071, 1073
110, 1075
110, 1078
1075, 1078
1067, 1080
1069, 1080
625, 1082
627, 1082
309, 1084
309, 1086
1084, 1086
309, 1088
1084, 1088
1086, 1088
116, 1089
116, 1091
1089, 1091
687, 1093
689, 1094
691, 1094
261, 1095
264, 1095
687, 1096
1093, 1096
28, 1098
30, 1098
355, 1098
179, 1100
357, 1100
182, 1102
183, 1102
185, 1102
5, 1110
5, 1112
1110, 1112
137, 1114
137, 1116
1114, 1116
137, 1118
1114, 1118
1116, 1118
1104, 1120
193, 1122
193, 1124
1122, 1124
220, 1125
115, 1126
221, 1126
203, 1129
203, 1131
1129, 1131
31, 1134
31, 1136
1134, 1136
26, 1138
26, 1140
1138, 1140
26, 1141
1138, 1141
1140, 1141
336, 1143
336, 1145
1143, 1145
