[0, 254]
[3, 352]
[4, 1109, 1111]
[5, 102, 718, 720, 727, 730]
[6, 805, 807]
[8, 743, 745]
[9, 334, 497]
[10, 777, 779]
[11, 361, 363]
[12, 765, 767]
[13, 332, 543]
[14, 432, 788, 790]
[15, 536, 542]
[16, 34, 353]
[18, 630, 1043]
[19, 21, 404]
[20, 405, 406]
[23, 322, 329]
[24, 399, 401, 403]
[25, 1137, 1139, 1140]
[26, 28]
[27, 29, 354, 1097]
[30, 1133, 1135]
[31, 274, 343]
[32, 1017, 1030]
[33, 214]
[37, 283, 286]
[38, 651, 652]
[39, 856, 858]
[40, 879, 883, 885, 887]
[41, 60, 290]
[42, 423, 657, 660, 662, 664]
[43, 697, 700]
[45, 351]
[46, 1061]
[47, 118, 258]
[48, 1019, 1020]
[50, 1063, 1065]
[51, 131, 376, 378]
[52, 255]
[53, 836, 838]
[54, 476]
[55, 314]
[56, 583, 584]
[57, 408, 461]
[59, 230]
[61, 288, 297, 299]
[62, 813, 815]
[64, 433, 792, 794]
[65, 484, 985]
[66, 121, 424]
[67, 422, 425]
[68, 602, 605]
[69, 738, 740]
[70, 100, 415]
[71, 1070, 1072]
[73, 157, 158]
[74, 278, 453]
[76, 273, 280]
[78, 227, 228]
[79, 160]
[81, 506, 514]
[91, 248, 312]
[94, 409, 410]
[95, 586, 588]
[96, 391, 393]
[97, 820, 822]
[98, 319, 320]
[103, 1054, 1056]
[104, 621, 623]
[105, 1046, 1048]
[106, 1051, 1053]
[109, 1074, 1077]
[110, 471, 707]
[111, 710, 712]
[114, 220, 1125]
[115, 1088, 1090]
[116, 291, 300]
[119, 456, 458]
[122, 284, 289]
[124, 127, 282]
[129, 217, 218]
[130, 159]
[132, 853, 855]
[133, 302, 304, 306]
[136, 1113, 1115, 1117]
[138, 142, 419, 468]
[139, 634, 638]
[140, 418, 421, 466]
[144, 323]
[145, 324, 327]
[148, 535]
[149, 252]
[150, 161]
[151, 152]
[153, 155, 156]
[162, 473, 705]
[163, 166, 168]
[164, 167, 169]
[165, 170, 172]
[174, 177, 247]
[178, 356, 1099]
[179, 183, 185, 189, 191]
[181, 182, 184, 1101]
[186, 188, 190, 194, 196]
[192, 1121, 1123]
[195, 197, 199, 201]
[202, 1128, 1130]
[203, 206, 504]
[204, 276, 347]
[205, 272]
[209, 211, 213]
[212, 1015, 1026]
[215, 344]
[219, 1124]
[221, 224]
[222, 225, 229]
[232, 234, 238]
[236, 239]
[237, 698, 702]
[241, 489, 490]
[242, 245]
[243, 692, 694]
[244, 491]
[249, 309, 310]
[253, 708, 714]
[256, 330, 349, 455, 502]
[257, 370, 499, 501, 517]
[259, 846, 876]
[260, 263, 1094]
[261, 264]
[262, 668, 670, 673]
[265, 528]
[266, 269, 270]
[267, 531, 533, 534]
[268, 675, 677, 679, 681]
[271, 570, 572]
[275, 450]
[279, 346]
[287, 636, 640]
[292, 294, 487, 849, 851]
[293, 295, 888, 894, 896, 1034]
[303, 366, 523]
[308, 1083, 1085, 1087]
[311, 508, 518]
[313, 512, 520]
[315, 384, 386]
[316, 389, 625]
[317, 746, 748]
[321, 992, 994]
[333, 760, 762]
[335, 1142, 1144]
[337, 808]
[339, 810]
[340, 345]
[341, 342]
[359, 413, 526, 544]
[364, 374, 511]
[375, 824, 826]
[377, 379, 768, 774, 780, 782]
[381, 646, 648]
[383, 642, 644]
[388, 911, 912]
[395, 397, 1060]
[407, 539, 541, 784, 787]
[411, 610, 612]
[414, 416]
[417, 996, 998]
[444, 574, 581]
[445, 462, 464, 972]
[446, 577, 578]
[447, 548, 550]
[448, 451]
[449, 452]
[454, 829, 833, 835, 1036]
[460, 967, 971, 974]
[475, 734, 736]
[477, 478, 480]
[482, 981, 983]
[492, 494]
[493, 809, 811]
[495, 496]
[505, 1022, 1024]
[527, 1028, 1032]
[537, 538, 540]
[547, 1059]
[552, 554, 565]
[556, 559]
[557, 560]
[558, 563]
[561, 564]
[562, 567]
[568, 899]
[594, 601]
[595, 1010]
[596, 599]
[597, 1012]
[603, 1006]
[604, 1009]
[606, 993]
[608, 995]
[614, 997]
[616, 999]
[619, 1058]
[624, 626, 1081]
[628, 1039, 1044]
[629, 632, 1041]
[631, 1040, 1045]
[654, 665]
[656, 667]
[686, 1092, 1095]
[688, 690, 1093]
[717, 728]
[722, 725, 729]
[723, 726]
[724, 731]
[751, 759]
[753, 756]
[770, 783]
[772, 781]
[860, 873]
[861, 875]
[900, 903]
[909, 910, 913]
[915, 954]
[917, 956]
[919, 958]
[921, 960]
[923, 962]
[925, 964]
[926, 961, 963, 965]
[927, 949, 951, 953]
[928, 955, 957, 959]
[929, 943, 945, 947]
[931, 942]
[933, 944]
[935, 946]
[937, 948]
[939, 950]
[941, 952]
[969, 970, 973, 976]
[1000, 1005]
[1001, 1002]
[1037, 1038, 1042]
[1066, 1068, 1079]
[1103, 1119]
